+----------+----------------+----------+------------------+---------------------+---------------------+----------------------+-----------------------+-------------+
|   #Nodes |   Edge Density |   #Edges |   #All Solutions |   #Solutions Tested |   #Basic operations |   Execution Time (s) | isExpectedResult      |   Precision |
+==========+================+==========+==================+=====================+=====================+======================+=======================+=============+
|        4 |          0.25  |        1 |             1000 |                   1 |                   2 |            0.0232332 | (24, 24, True)        |    1        |
+----------+----------------+----------+------------------+---------------------+---------------------+----------------------+-----------------------+-------------+
|        4 |          0.5   |        3 |             1000 |                   2 |                   8 |            0.0463114 | (34, 35, False)       |    0.971429 |
+----------+----------------+----------+------------------+---------------------+---------------------+----------------------+-----------------------+-------------+
|        4 |          0.75  |        4 |             1000 |                   1 |                   6 |            0.0561124 | (68, 68, True)        |    1        |
+----------+----------------+----------+------------------+---------------------+---------------------+----------------------+-----------------------+-------------+
|       29 |          0.125 |       50 |             1000 |                1000 |               76367 |            0.330567  | (808, 814, False)     |    0.992629 |
+----------+----------------+----------+------------------+---------------------+---------------------+----------------------+-----------------------+-------------+
|       29 |          0.25  |      101 |             1000 |                1000 |              120446 |            0.503633  | (1081, 1081, True)    |    1        |
+----------+----------------+----------+------------------+---------------------+---------------------+----------------------+-----------------------+-------------+
|       29 |          0.5   |      203 |             1000 |                1000 |              219213 |            0.748211  | (1244, 1271, False)   |    0.978757 |
+----------+----------------+----------+------------------+---------------------+---------------------+----------------------+-----------------------+-------------+
|       29 |          0.75  |      304 |             1000 |                1000 |              344627 |            0.991528  | (1292, 1312, False)   |    0.984756 |
+----------+----------------+----------+------------------+---------------------+---------------------+----------------------+-----------------------+-------------+
|       54 |          0.125 |      178 |             1000 |                1000 |              219211 |            0.650886  | (1987, 2095, False)   |    0.948449 |
+----------+----------------+----------+------------------+---------------------+---------------------+----------------------+-----------------------+-------------+
|       54 |          0.25  |      357 |             1000 |                1000 |              417086 |            1.06173   | (2313, 2424, False)   |    0.954208 |
+----------+----------------+----------+------------------+---------------------+---------------------+----------------------+-----------------------+-------------+
|       54 |          0.5   |      715 |             1000 |                1000 |              752542 |            1.81533   | (2468, 2517, False)   |    0.980532 |
+----------+----------------+----------+------------------+---------------------+---------------------+----------------------+-----------------------+-------------+
|       54 |          0.75  |     1073 |             1000 |                1000 |             1130670 |            2.59187   | (2579, 2601, False)   |    0.991542 |
+----------+----------------+----------+------------------+---------------------+---------------------+----------------------+-----------------------+-------------+
|       79 |          0.125 |      385 |             1000 |                1000 |              454172 |            1.13263   | (3144, 3343, False)   |    0.940473 |
+----------+----------------+----------+------------------+---------------------+---------------------+----------------------+-----------------------+-------------+
|       79 |          0.25  |      770 |             1000 |                1000 |              839291 |            1.9276    | (3503, 3608, False)   |    0.970898 |
+----------+----------------+----------+------------------+---------------------+---------------------+----------------------+-----------------------+-------------+
|       79 |          0.5   |     1540 |             1000 |                1000 |             1612562 |            3.66305   | (3744, 3783, False)   |    0.989691 |
+----------+----------------+----------+------------------+---------------------+---------------------+----------------------+-----------------------+-------------+
|       79 |          0.75  |     2310 |             1000 |                1000 |             2421941 |            5.52506   | (3787, 3816, False)   |    0.9924   |
+----------+----------------+----------+------------------+---------------------+---------------------+----------------------+-----------------------+-------------+
|      104 |          0.125 |      669 |             1000 |                1000 |              765008 |            1.73501   | (4317, 4599, False)   |    0.938682 |
+----------+----------------+----------+------------------+---------------------+---------------------+----------------------+-----------------------+-------------+
|      104 |          0.25  |     1339 |             1000 |                1000 |             1472823 |            3.22307   | (4696, 4844, False)   |    0.969447 |
+----------+----------------+----------+------------------+---------------------+---------------------+----------------------+-----------------------+-------------+
|      104 |          0.5   |     2678 |             1000 |                1000 |             2835105 |            6.43447   | (4897, 5024, False)   |    0.974721 |
+----------+----------------+----------+------------------+---------------------+---------------------+----------------------+-----------------------+-------------+
|      104 |          0.75  |     4017 |             1000 |                1000 |             4132103 |            9.81705   | (5055, 5106, False)   |    0.990012 |
+----------+----------------+----------+------------------+---------------------+---------------------+----------------------+-----------------------+-------------+
|      129 |          0.125 |     1032 |             1000 |                1000 |             1165032 |            2.63035   | (5496, 5857, False)   |    0.938364 |
+----------+----------------+----------+------------------+---------------------+---------------------+----------------------+-----------------------+-------------+
|      129 |          0.25  |     2064 |             1000 |                1000 |             2220363 |            4.83624   | (5925, 6115, False)   |    0.968929 |
+----------+----------------+----------+------------------+---------------------+---------------------+----------------------+-----------------------+-------------+
|      129 |          0.5   |     4128 |             1000 |                1000 |             4326460 |           10.0335    | (6152, 6240, False)   |    0.985897 |
+----------+----------------+----------+------------------+---------------------+---------------------+----------------------+-----------------------+-------------+
|      129 |          0.75  |     6192 |             1000 |                1000 |             6416653 |           15.7158    | (6288, 6343, False)   |    0.991329 |
+----------+----------------+----------+------------------+---------------------+---------------------+----------------------+-----------------------+-------------+
|      154 |          0.125 |     1472 |             1000 |                1000 |             1622662 |            3.54129   | (6699, 7051, False)   |    0.950078 |
+----------+----------------+----------+------------------+---------------------+---------------------+----------------------+-----------------------+-------------+
|      154 |          0.25  |     2945 |             1000 |                1000 |             3100916 |            7.09843   | (7252, 7430, False)   |    0.976043 |
+----------+----------------+----------+------------------+---------------------+---------------------+----------------------+-----------------------+-------------+
|      154 |          0.5   |     5890 |             1000 |                1000 |             6108046 |           15.5855    | (7455, 7577, False)   |    0.983899 |
+----------+----------------+----------+------------------+---------------------+---------------------+----------------------+-----------------------+-------------+
|      154 |          0.75  |     8835 |             1000 |                1000 |             9120283 |           24.9394    | (7521, 7629, False)   |    0.985843 |
+----------+----------------+----------+------------------+---------------------+---------------------+----------------------+-----------------------+-------------+
|      179 |          0.125 |     1991 |             1000 |                1000 |             2232575 |            4.92292   | (7794, 8253, False)   |    0.944384 |
+----------+----------------+----------+------------------+---------------------+---------------------+----------------------+-----------------------+-------------+
|      179 |          0.25  |     3982 |             1000 |                1000 |             4188407 |           10.1575    | (8424, 8600, False)   |    0.979535 |
+----------+----------------+----------+------------------+---------------------+---------------------+----------------------+-----------------------+-------------+
|      179 |          0.5   |     7965 |             1000 |                1000 |             8241187 |           22.3202    | (8651, 8782, False)   |    0.985083 |
+----------+----------------+----------+------------------+---------------------+---------------------+----------------------+-----------------------+-------------+
|      179 |          0.75  |    11948 |             1000 |                1000 |            12265795 |           34.751     | (8761, 8845, False)   |    0.990503 |
+----------+----------------+----------+------------------+---------------------+---------------------+----------------------+-----------------------+-------------+
|      204 |          0.125 |     2588 |             1000 |                1000 |             2829544 |            6.47035   | (9206, 9665, False)   |    0.952509 |
+----------+----------------+----------+------------------+---------------------+---------------------+----------------------+-----------------------+-------------+
|      204 |          0.25  |     5176 |             1000 |                1000 |             5492749 |           14.0587    | (9569, 9882, False)   |    0.968326 |
+----------+----------------+----------+------------------+---------------------+---------------------+----------------------+-----------------------+-------------+
|      204 |          0.5   |    10353 |             1000 |                1000 |            10751178 |           29.6361    | (9877, 10051, False)  |    0.982688 |
+----------+----------------+----------+------------------+---------------------+---------------------+----------------------+-----------------------+-------------+
|      204 |          0.75  |    15529 |             1000 |                1000 |            15888757 |           46.8183    | (10020, 10146, False) |    0.987581 |
+----------+----------------+----------+------------------+---------------------+---------------------+----------------------+-----------------------+-------------+
Correct results: 3 of 35
Mean Precision: 0.9754176552533929
