+----------+----------------+----------+-------------------+---------------------+----------------------+------------+----------+-------------+
|   #Nodes |   Edge Density |   #Edges |   #Configs Tested |   #Basic Operations |   Execution Time (s) |   expected |   actual |   Precision |
+==========+================+==========+===================+=====================+======================+============+==========+=============+
|        4 |          0.25  |        1 |                 1 |                   2 |          1.1422e-05  |         24 |       24 |    1        |
+----------+----------------+----------+-------------------+---------------------+----------------------+------------+----------+-------------+
|        4 |          0.5   |        3 |                 3 |                   6 |          1.3941e-05  |         35 |       35 |    1        |
+----------+----------------+----------+-------------------+---------------------+----------------------+------------+----------+-------------+
|        4 |          0.75  |        4 |                 4 |                   6 |          1.3592e-05  |         68 |       68 |    1        |
+----------+----------------+----------+-------------------+---------------------+----------------------+------------+----------+-------------+
|       29 |          0.125 |       50 |                50 |                  77 |          5.9877e-05  |        814 |      803 |    0.986486 |
+----------+----------------+----------+-------------------+---------------------+----------------------+------------+----------+-------------+
|       29 |          0.25  |      101 |               101 |                 135 |          0.000104842 |       1081 |      993 |    0.918594 |
+----------+----------------+----------+-------------------+---------------------+----------------------+------------+----------+-------------+
|       29 |          0.5   |      203 |               203 |                 228 |          0.000195823 |       1271 |     1241 |    0.976397 |
+----------+----------------+----------+-------------------+---------------------+----------------------+------------+----------+-------------+
|       29 |          0.75  |      304 |               304 |                 345 |          0.000289416 |       1312 |     1258 |    0.958841 |
+----------+----------------+----------+-------------------+---------------------+----------------------+------------+----------+-------------+
|       54 |          0.125 |      178 |               178 |                 223 |          0.000185933 |       2095 |     2032 |    0.969928 |
+----------+----------------+----------+-------------------+---------------------+----------------------+------------+----------+-------------+
|       54 |          0.25  |      357 |               357 |                 427 |          0.000347828 |       2424 |     2357 |    0.97236  |
+----------+----------------+----------+-------------------+---------------------+----------------------+------------+----------+-------------+
|       54 |          0.5   |      715 |               715 |                 793 |          0.000679853 |       2517 |     2432 |    0.96623  |
+----------+----------------+----------+-------------------+---------------------+----------------------+------------+----------+-------------+
|       54 |          0.75  |     1073 |              1073 |                1188 |          0.00106037  |       2601 |     2495 |    0.959246 |
+----------+----------------+----------+-------------------+---------------------+----------------------+------------+----------+-------------+
|       79 |          0.125 |      385 |               385 |                 488 |          0.00039669  |       3343 |     3053 |    0.913252 |
+----------+----------------+----------+-------------------+---------------------+----------------------+------------+----------+-------------+
|       79 |          0.25  |      770 |               770 |                 896 |          0.000858791 |       3608 |     3358 |    0.93071  |
+----------+----------------+----------+-------------------+---------------------+----------------------+------------+----------+-------------+
|       79 |          0.5   |     1540 |              1540 |                1690 |          0.00155598  |       3783 |     3665 |    0.968808 |
+----------+----------------+----------+-------------------+---------------------+----------------------+------------+----------+-------------+
|       79 |          0.75  |     2310 |              2310 |                2573 |          0.00265455  |       3816 |     3665 |    0.96043  |
+----------+----------------+----------+-------------------+---------------------+----------------------+------------+----------+-------------+
|      104 |          0.125 |      669 |               669 |                 802 |          0.000682804 |       4599 |     4281 |    0.930855 |
+----------+----------------+----------+-------------------+---------------------+----------------------+------------+----------+-------------+
|      104 |          0.25  |     1339 |              1339 |                1511 |          0.00124989  |       4844 |     4541 |    0.937448 |
+----------+----------------+----------+-------------------+---------------------+----------------------+------------+----------+-------------+
|      104 |          0.5   |     2678 |              2678 |                2873 |          0.002667    |       5024 |     4848 |    0.964968 |
+----------+----------------+----------+-------------------+---------------------+----------------------+------------+----------+-------------+
|      104 |          0.75  |     4017 |              4017 |                4257 |          0.00386266  |       5106 |     4980 |    0.975323 |
+----------+----------------+----------+-------------------+---------------------+----------------------+------------+----------+-------------+
|      129 |          0.125 |     1032 |              1032 |                1211 |          0.00110937  |       5857 |     5534 |    0.944852 |
+----------+----------------+----------+-------------------+---------------------+----------------------+------------+----------+-------------+
|      129 |          0.25  |     2064 |              2064 |                2326 |          0.0020688   |       6115 |     5851 |    0.956827 |
+----------+----------------+----------+-------------------+---------------------+----------------------+------------+----------+-------------+
|      129 |          0.5   |     4128 |              4128 |                4497 |          0.00462546  |       6240 |     5983 |    0.958814 |
+----------+----------------+----------+-------------------+---------------------+----------------------+------------+----------+-------------+
|      129 |          0.75  |     6192 |              6192 |                6572 |          0.00630652  |       6343 |     6200 |    0.977455 |
+----------+----------------+----------+-------------------+---------------------+----------------------+------------+----------+-------------+
|      154 |          0.125 |     1472 |              1472 |                1677 |          0.00143054  |       7051 |     6643 |    0.942136 |
+----------+----------------+----------+-------------------+---------------------+----------------------+------------+----------+-------------+
|      154 |          0.25  |     2945 |              2945 |                3260 |          0.00287614  |       7430 |     7119 |    0.958143 |
+----------+----------------+----------+-------------------+---------------------+----------------------+------------+----------+-------------+
|      154 |          0.5   |     5890 |              5890 |                6338 |          0.00600718  |       7577 |     7328 |    0.967137 |
+----------+----------------+----------+-------------------+---------------------+----------------------+------------+----------+-------------+
|      154 |          0.75  |     8835 |              8835 |                9376 |          0.00903764  |       7629 |     7427 |    0.973522 |
+----------+----------------+----------+-------------------+---------------------+----------------------+------------+----------+-------------+
|      179 |          0.125 |     1991 |              1991 |                2352 |          0.0020097   |       8253 |     7695 |    0.932388 |
+----------+----------------+----------+-------------------+---------------------+----------------------+------------+----------+-------------+
|      179 |          0.25  |     3982 |              3982 |                4351 |          0.00417005  |       8600 |     8363 |    0.972442 |
+----------+----------------+----------+-------------------+---------------------+----------------------+------------+----------+-------------+
|      179 |          0.5   |     7965 |              7965 |                8396 |          0.00833346  |       8782 |     8585 |    0.977568 |
+----------+----------------+----------+-------------------+---------------------+----------------------+------------+----------+-------------+
|      179 |          0.75  |    11948 |             11948 |               12504 |          0.0126647   |       8845 |     8680 |    0.981345 |
+----------+----------------+----------+-------------------+---------------------+----------------------+------------+----------+-------------+
|      204 |          0.125 |     2588 |              2588 |                2953 |          0.00269694  |       9665 |     9046 |    0.935954 |
+----------+----------------+----------+-------------------+---------------------+----------------------+------------+----------+-------------+
|      204 |          0.25  |     5176 |              5176 |                5616 |          0.00561512  |       9882 |     9564 |    0.96782  |
+----------+----------------+----------+-------------------+---------------------+----------------------+------------+----------+-------------+
|      204 |          0.5   |    10353 |             10353 |               10882 |          0.0108495   |      10051 |     9828 |    0.977813 |
+----------+----------------+----------+-------------------+---------------------+----------------------+------------+----------+-------------+
|      204 |          0.75  |    15529 |             15529 |               16017 |          0.016366    |      10146 |     9946 |    0.980288 |
+----------+----------------+----------+-------------------+---------------------+----------------------+------------+----------+-------------+
|      229 |          0.125 |     3263 |              3263 |                3691 |          0.00354944  |      10900 |    10322 |    0.946972 |
+----------+----------------+----------+-------------------+---------------------+----------------------+------------+----------+-------------+
|      229 |          0.25  |     6526 |              6526 |                6988 |          0.00676702  |      11155 |    10775 |    0.965935 |
+----------+----------------+----------+-------------------+---------------------+----------------------+------------+----------+-------------+
|      229 |          0.5   |    13053 |             13053 |               13818 |          0.0139115   |      11313 |    11010 |    0.973217 |
+----------+----------------+----------+-------------------+---------------------+----------------------+------------+----------+-------------+
|      229 |          0.75  |    19579 |             19579 |               20397 |          0.0210049   |      11364 |    11177 |    0.983545 |
+----------+----------------+----------+-------------------+---------------------+----------------------+------------+----------+-------------+
|      254 |          0.125 |     4016 |              4016 |                4518 |          0.00407519  |      12072 |    11490 |    0.951789 |
+----------+----------------+----------+-------------------+---------------------+----------------------+------------+----------+-------------+
|      254 |          0.25  |     8032 |              8032 |                8661 |          0.00850696  |      12384 |    11881 |    0.959383 |
+----------+----------------+----------+-------------------+---------------------+----------------------+------------+----------+-------------+
|      254 |          0.5   |    16065 |             16065 |               16835 |          0.0170738   |      12583 |    12330 |    0.979894 |
+----------+----------------+----------+-------------------+---------------------+----------------------+------------+----------+-------------+
|      254 |          0.75  |    24098 |             24098 |               24906 |          0.0257753   |      12642 |    12387 |    0.979829 |
+----------+----------------+----------+-------------------+---------------------+----------------------+------------+----------+-------------+
|      279 |          0.125 |     4847 |              4847 |                5362 |          0.00531369  |      13348 |    12633 |    0.946434 |
+----------+----------------+----------+-------------------+---------------------+----------------------+------------+----------+-------------+
|      279 |          0.25  |     9695 |              9695 |               10378 |          0.0104514   |      13651 |    13143 |    0.962787 |
+----------+----------------+----------+-------------------+---------------------+----------------------+------------+----------+-------------+
|      279 |          0.5   |    19390 |             19390 |               20387 |          0.0207652   |      13816 |    13472 |    0.975101 |
+----------+----------------+----------+-------------------+---------------------+----------------------+------------+----------+-------------+
|      279 |          0.75  |    29085 |             29085 |               30124 |          0.0326364   |      13856 |    13657 |    0.985638 |
+----------+----------------+----------+-------------------+---------------------+----------------------+------------+----------+-------------+
|      304 |          0.125 |     5757 |              5757 |                6524 |          0.006036    |      14618 |    13647 |    0.933575 |
+----------+----------------+----------+-------------------+---------------------+----------------------+------------+----------+-------------+
|      304 |          0.25  |    11514 |             11514 |               12357 |          0.0126154   |      14950 |    14460 |    0.967224 |
+----------+----------------+----------+-------------------+---------------------+----------------------+------------+----------+-------------+
|      304 |          0.5   |    23028 |             23028 |               24079 |          0.0255413   |      15109 |    14745 |    0.975908 |
+----------+----------------+----------+-------------------+---------------------+----------------------+------------+----------+-------------+
|      304 |          0.75  |    34542 |             34542 |               35550 |          0.0384604   |      15154 |    14944 |    0.986142 |
+----------+----------------+----------+-------------------+---------------------+----------------------+------------+----------+-------------+
|      329 |          0.125 |     6744 |              6744 |                7493 |          0.00756108  |      15782 |    15156 |    0.960335 |
+----------+----------------+----------+-------------------+---------------------+----------------------+------------+----------+-------------+
|      329 |          0.25  |    13489 |             13489 |               14505 |          0.0148325   |      16190 |    15658 |    0.96714  |
+----------+----------------+----------+-------------------+---------------------+----------------------+------------+----------+-------------+
|      329 |          0.5   |    26978 |             26978 |               28185 |          0.0317778   |      16296 |    15986 |    0.980977 |
+----------+----------------+----------+-------------------+---------------------+----------------------+------------+----------+-------------+
|      329 |          0.75  |    40467 |             40467 |               41536 |          0.046571    |      16361 |    16137 |    0.986309 |
+----------+----------------+----------+-------------------+---------------------+----------------------+------------+----------+-------------+
|      354 |          0.125 |     7810 |              7810 |                8677 |          0.00891891  |      17138 |    16291 |    0.950578 |
+----------+----------------+----------+-------------------+---------------------+----------------------+------------+----------+-------------+
|      354 |          0.25  |    15620 |             15620 |               16630 |          0.0174893   |      17421 |    16895 |    0.969807 |
+----------+----------------+----------+-------------------+---------------------+----------------------+------------+----------+-------------+
|      354 |          0.5   |    31240 |             31240 |               32511 |          0.0351665   |      17614 |    17259 |    0.979846 |
+----------+----------------+----------+-------------------+---------------------+----------------------+------------+----------+-------------+
|      354 |          0.75  |    46860 |             46860 |               48017 |          0.13433     |      17666 |    17439 |    0.98715  |
+----------+----------------+----------+-------------------+---------------------+----------------------+------------+----------+-------------+
|      379 |          0.125 |     8953 |              8953 |                9720 |          0.0103634   |      18334 |    17507 |    0.954893 |
+----------+----------------+----------+-------------------+---------------------+----------------------+------------+----------+-------------+
|      379 |          0.25  |    17907 |             17907 |               18901 |          0.0203488   |      18685 |    18330 |    0.981001 |
+----------+----------------+----------+-------------------+---------------------+----------------------+------------+----------+-------------+
|      379 |          0.5   |    35815 |             35815 |               37180 |          0.0415144   |      18845 |    18537 |    0.983656 |
+----------+----------------+----------+-------------------+---------------------+----------------------+------------+----------+-------------+
|      379 |          0.75  |    53723 |             53723 |               54926 |          0.0667157   |      18868 |    18683 |    0.990195 |
+----------+----------------+----------+-------------------+---------------------+----------------------+------------+----------+-------------+
|      404 |          0.125 |    10175 |             10175 |               11247 |          0.011663    |      19665 |    18692 |    0.950521 |
+----------+----------------+----------+-------------------+---------------------+----------------------+------------+----------+-------------+
|      404 |          0.25  |    20351 |             20351 |               21672 |          0.023018    |      19993 |    19381 |    0.969389 |
+----------+----------------+----------+-------------------+---------------------+----------------------+------------+----------+-------------+
|      404 |          0.5   |    40703 |             40703 |               42023 |          0.0481715   |      20132 |    19760 |    0.981522 |
+----------+----------------+----------+-------------------+---------------------+----------------------+------------+----------+-------------+
|      404 |          0.75  |    61054 |             61054 |               62649 |          0.0755225   |      20179 |    19913 |    0.986818 |
+----------+----------------+----------+-------------------+---------------------+----------------------+------------+----------+-------------+
|      429 |          0.125 |    11475 |             11475 |               12553 |          0.0132849   |      20865 |    20100 |    0.963336 |
+----------+----------------+----------+-------------------+---------------------+----------------------+------------+----------+-------------+
|      429 |          0.25  |    22951 |             22951 |               24353 |          0.0264977   |      21171 |    20620 |    0.973974 |
+----------+----------------+----------+-------------------+---------------------+----------------------+------------+----------+-------------+
|      429 |          0.5   |    45903 |             45903 |               47731 |          0.053931    |      21332 |    20968 |    0.982936 |
+----------+----------------+----------+-------------------+---------------------+----------------------+------------+----------+-------------+
|      429 |          0.75  |    68854 |             68854 |               70252 |          0.0849951   |      21374 |    21123 |    0.988257 |
+----------+----------------+----------+-------------------+---------------------+----------------------+------------+----------+-------------+
|      454 |          0.125 |    12853 |             12853 |               13879 |          0.0148382   |      22175 |    21356 |    0.963067 |
+----------+----------------+----------+-------------------+---------------------+----------------------+------------+----------+-------------+
|      454 |          0.25  |    25707 |             25707 |               27038 |          0.0325477   |      22469 |    21836 |    0.971828 |
+----------+----------------+----------+-------------------+---------------------+----------------------+------------+----------+-------------+
|      454 |          0.5   |    51415 |             51415 |               53062 |          0.0617541   |      22643 |    22279 |    0.983924 |
+----------+----------------+----------+-------------------+---------------------+----------------------+------------+----------+-------------+
|      454 |          0.75  |    77123 |             77123 |               78893 |          0.093796    |      22676 |    22334 |    0.984918 |
+----------+----------------+----------+-------------------+---------------------+----------------------+------------+----------+-------------+
|      479 |          0.125 |    14310 |             14310 |               15411 |          0.0163996   |      23338 |    22526 |    0.965207 |
+----------+----------------+----------+-------------------+---------------------+----------------------+------------+----------+-------------+
|      479 |          0.25  |    28620 |             28620 |               30111 |          0.0336378   |      23684 |    23179 |    0.978678 |
+----------+----------------+----------+-------------------+---------------------+----------------------+------------+----------+-------------+
|      479 |          0.5   |    57240 |             57240 |               59260 |          0.0712169   |      23834 |    23389 |    0.981329 |
+----------+----------------+----------+-------------------+---------------------+----------------------+------------+----------+-------------+
|      479 |          0.75  |    85860 |             85860 |               87434 |          0.110697    |      23886 |    23685 |    0.991585 |
+----------+----------------+----------+-------------------+---------------------+----------------------+------------+----------+-------------+
|      504 |          0.125 |    15844 |             15844 |               17205 |          0.0187447   |      24671 |    23449 |    0.950468 |
+----------+----------------+----------+-------------------+---------------------+----------------------+------------+----------+-------------+
|      504 |          0.25  |    31689 |             31689 |               33390 |          0.0428544   |      24993 |    24372 |    0.975153 |
+----------+----------------+----------+-------------------+---------------------+----------------------+------------+----------+-------------+
|      504 |          0.5   |    63378 |             63378 |               65487 |          0.086936    |      25148 |    24694 |    0.981947 |
+----------+----------------+----------+-------------------+---------------------+----------------------+------------+----------+-------------+
|      504 |          0.75  |    95067 |             95067 |               97646 |          0.135584    |      25188 |    24846 |    0.986422 |
+----------+----------------+----------+-------------------+---------------------+----------------------+------------+----------+-------------+
|      529 |          0.125 |    17457 |             17457 |               18776 |          0.022556    |      25896 |    24981 |    0.964666 |
+----------+----------------+----------+-------------------+---------------------+----------------------+------------+----------+-------------+
|      529 |          0.25  |    34914 |             34914 |               36356 |          0.0474325   |      26223 |    25691 |    0.979712 |
+----------+----------------+----------+-------------------+---------------------+----------------------+------------+----------+-------------+
|      529 |          0.5   |    69828 |             69828 |               72378 |          0.0966316   |      26346 |    25955 |    0.985159 |
+----------+----------------+----------+-------------------+---------------------+----------------------+------------+----------+-------------+
|      529 |          0.75  |   104742 |            104742 |              107058 |          0.150817    |      26389 |    26141 |    0.990602 |
+----------+----------------+----------+-------------------+---------------------+----------------------+------------+----------+-------------+
|      554 |          0.125 |    19147 |             19147 |               20614 |          0.024334    |      27210 |    26320 |    0.967291 |
+----------+----------------+----------+-------------------+---------------------+----------------------+------------+----------+-------------+
|      554 |          0.25  |    38295 |             38295 |               40319 |          0.0485877   |      27510 |    26751 |    0.97241  |
+----------+----------------+----------+-------------------+---------------------+----------------------+------------+----------+-------------+
|      554 |          0.5   |    76590 |             76590 |               78618 |          0.103316    |      27651 |    27227 |    0.984666 |
+----------+----------------+----------+-------------------+---------------------+----------------------+------------+----------+-------------+
|      554 |          0.75  |   114885 |            114885 |              117036 |          0.209507    |      27689 |    27443 |    0.991116 |
+----------+----------------+----------+-------------------+---------------------+----------------------+------------+----------+-------------+
|      579 |          0.125 |    20916 |             20916 |               22745 |          0.0267906   |      28353 |    27064 |    0.954537 |
+----------+----------------+----------+-------------------+---------------------+----------------------+------------+----------+-------------+
|      579 |          0.25  |    41832 |             41832 |               43792 |          0.0561191   |      28730 |    28107 |    0.978315 |
+----------+----------------+----------+-------------------+---------------------+----------------------+------------+----------+-------------+
|      579 |          0.5   |    83665 |             83665 |               85903 |          0.266606    |      28863 |    28481 |    0.986765 |
+----------+----------------+----------+-------------------+---------------------+----------------------+------------+----------+-------------+
|      579 |          0.75  |   125498 |            125498 |              127664 |          0.186914    |      28894 |    28700 |    0.993286 |
+----------+----------------+----------+-------------------+---------------------+----------------------+------------+----------+-------------+
|      604 |          0.125 |    22763 |             22763 |               24427 |          0.029284    |      29732 |    28684 |    0.964752 |
+----------+----------------+----------+-------------------+---------------------+----------------------+------------+----------+-------------+
|      604 |          0.25  |    45526 |             45526 |               47467 |          0.0591698   |      30009 |    29302 |    0.97644  |
+----------+----------------+----------+-------------------+---------------------+----------------------+------------+----------+-------------+
|      604 |          0.5   |    91053 |             91053 |               93743 |          0.126974    |      30149 |    29703 |    0.985207 |
+----------+----------------+----------+-------------------+---------------------+----------------------+------------+----------+-------------+
|      604 |          0.75  |   136579 |            136579 |              138766 |          0.199948    |      30193 |    29939 |    0.991587 |
+----------+----------------+----------+-------------------+---------------------+----------------------+------------+----------+-------------+
|      629 |          0.125 |    24688 |             24688 |               26381 |          0.0312634   |      30965 |    30015 |    0.96932  |
+----------+----------------+----------+-------------------+---------------------+----------------------+------------+----------+-------------+
|      629 |          0.25  |    49376 |             49376 |               51557 |          0.0841706   |      31225 |    30563 |    0.978799 |
+----------+----------------+----------+-------------------+---------------------+----------------------+------------+----------+-------------+
|      629 |          0.5   |    98753 |             98753 |              101445 |          0.142114    |      31369 |    30971 |    0.987312 |
+----------+----------------+----------+-------------------+---------------------+----------------------+------------+----------+-------------+
|      629 |          0.75  |   148129 |            148129 |              151099 |          0.217175    |      31392 |    31096 |    0.990571 |
+----------+----------------+----------+-------------------+---------------------+----------------------+------------+----------+-------------+
|      654 |          0.125 |    26691 |             26691 |               28548 |          0.0341514   |      32181 |    31102 |    0.966471 |
+----------+----------------+----------+-------------------+---------------------+----------------------+------------+----------+-------------+
|      654 |          0.25  |    53382 |             53382 |               55554 |          0.0702561   |      32510 |    31815 |    0.978622 |
+----------+----------------+----------+-------------------+---------------------+----------------------+------------+----------+-------------+
|      654 |          0.5   |   106765 |            106765 |              109754 |          0.312287    |      32662 |    32215 |    0.986314 |
+----------+----------------+----------+-------------------+---------------------+----------------------+------------+----------+-------------+
|      654 |          0.75  |   160148 |            160148 |              162669 |          0.242933    |      32693 |    32367 |    0.990028 |
+----------+----------------+----------+-------------------+---------------------+----------------------+------------+----------+-------------+
|      679 |          0.125 |    28772 |             28772 |               30629 |          0.0373254   |      33403 |    32351 |    0.968506 |
+----------+----------------+----------+-------------------+---------------------+----------------------+------------+----------+-------------+
|      679 |          0.25  |    57545 |             57545 |               60204 |          0.0773637   |      33726 |    32959 |    0.977258 |
+----------+----------------+----------+-------------------+---------------------+----------------------+------------+----------+-------------+
|      679 |          0.5   |   115090 |            115090 |              118235 |          0.170085    |      33871 |    33463 |    0.987954 |
+----------+----------------+----------+-------------------+---------------------+----------------------+------------+----------+-------------+
|      679 |          0.75  |   172635 |            172635 |              174968 |          0.257697    |      33899 |    33708 |    0.994366 |
+----------+----------------+----------+-------------------+---------------------+----------------------+------------+----------+-------------+
|      704 |          0.125 |    30932 |             30932 |               32867 |          0.0399713   |      34711 |    33474 |    0.964363 |
+----------+----------------+----------+-------------------+---------------------+----------------------+------------+----------+-------------+
|      704 |          0.25  |    61864 |             61864 |               64574 |          0.0810898   |      35017 |    34272 |    0.978725 |
+----------+----------------+----------+-------------------+---------------------+----------------------+------------+----------+-------------+
|      704 |          0.5   |   123728 |            123728 |              126711 |          0.218155    |      35177 |    34762 |    0.988203 |
+----------+----------------+----------+-------------------+---------------------+----------------------+------------+----------+-------------+
|      704 |          0.75  |   185592 |            185592 |              188405 |          0.279862    |      35196 |    34944 |    0.99284  |
+----------+----------------+----------+-------------------+---------------------+----------------------+------------+----------+-------------+
|      729 |          0.125 |    33169 |             33169 |               35437 |          0.240037    |      35947 |    34885 |    0.970457 |
+----------+----------------+----------+-------------------+---------------------+----------------------+------------+----------+-------------+
|      729 |          0.25  |    66339 |             66339 |               68910 |          0.114033    |      36228 |    35602 |    0.982721 |
+----------+----------------+----------+-------------------+---------------------+----------------------+------------+----------+-------------+
|      729 |          0.5   |   132678 |            132678 |              136082 |          0.204279    |      36380 |    35989 |    0.989252 |
+----------+----------------+----------+-------------------+---------------------+----------------------+------------+----------+-------------+
|      729 |          0.75  |   199017 |            199017 |              202363 |          0.312231    |      36399 |    36128 |    0.992555 |
+----------+----------------+----------+-------------------+---------------------+----------------------+------------+----------+-------------+
|      754 |          0.125 |    35485 |             35485 |               37873 |          0.0461987   |      37226 |    36000 |    0.967066 |
+----------+----------------+----------+-------------------+---------------------+----------------------+------------+----------+-------------+
|      754 |          0.25  |    70970 |             70970 |               73726 |          0.0930955   |      37540 |    36785 |    0.979888 |
+----------+----------------+----------+-------------------+---------------------+----------------------+------------+----------+-------------+
|      754 |          0.5   |   141940 |            141940 |              145420 |          0.213137    |      37676 |    37234 |    0.988268 |
+----------+----------------+----------+-------------------+---------------------+----------------------+------------+----------+-------------+
|      754 |          0.75  |   212910 |            212910 |              215782 |          0.321378    |      37698 |    37503 |    0.994827 |
+----------+----------------+----------+-------------------+---------------------+----------------------+------------+----------+-------------+
|      779 |          0.125 |    37878 |             37878 |               40024 |          0.0496884   |      38438 |    37489 |    0.975311 |
+----------+----------------+----------+-------------------+---------------------+----------------------+------------+----------+-------------+
|      779 |          0.25  |    75757 |             75757 |               78910 |          0.107119    |      38767 |    37920 |    0.978152 |
+----------+----------------+----------+-------------------+---------------------+----------------------+------------+----------+-------------+
|      779 |          0.5   |   151515 |            151515 |              155110 |          0.224856    |      38886 |    38493 |    0.989894 |
+----------+----------------+----------+-------------------+---------------------+----------------------+------------+----------+-------------+
|      779 |          0.75  |   227273 |            227273 |              230729 |          0.354215    |      38900 |    38680 |    0.994344 |
+----------+----------------+----------+-------------------+---------------------+----------------------+------------+----------+-------------+
|      804 |          0.125 |    40350 |             40350 |               42634 |          0.0538382   |      39726 |    38555 |    0.970523 |
+----------+----------------+----------+-------------------+---------------------+----------------------+------------+----------+-------------+
|      804 |          0.25  |    80701 |             80701 |               83877 |          0.108138    |      40080 |    39266 |    0.979691 |
+----------+----------------+----------+-------------------+---------------------+----------------------+------------+----------+-------------+
|      804 |          0.5   |   161403 |            161403 |              164804 |          0.242074    |      40189 |    39731 |    0.988604 |
+----------+----------------+----------+-------------------+---------------------+----------------------+------------+----------+-------------+
|      804 |          0.75  |   242104 |            242104 |              245343 |          0.380739    |      40198 |    39877 |    0.992015 |
+----------+----------------+----------+-------------------+---------------------+----------------------+------------+----------+-------------+
|      829 |          0.125 |    42900 |             42900 |               45596 |          0.0579388   |      40951 |    39651 |    0.968255 |
+----------+----------------+----------+-------------------+---------------------+----------------------+------------+----------+-------------+
|      829 |          0.25  |    85801 |             85801 |               88965 |          0.115789    |      41255 |    40568 |    0.983347 |
+----------+----------------+----------+-------------------+---------------------+----------------------+------------+----------+-------------+
|      829 |          0.5   |   171603 |            171603 |              175415 |          0.255064    |      41388 |    41022 |    0.991157 |
+----------+----------------+----------+-------------------+---------------------+----------------------+------------+----------+-------------+
|      829 |          0.75  |   257404 |            257404 |              260862 |          0.648728    |      41400 |    41158 |    0.994155 |
+----------+----------------+----------+-------------------+---------------------+----------------------+------------+----------+-------------+
|      854 |          0.125 |    45528 |             45528 |               48129 |          0.0867375   |      42227 |    41056 |    0.972269 |
+----------+----------------+----------+-------------------+---------------------+----------------------+------------+----------+-------------+
|      854 |          0.25  |    91057 |             91057 |               94540 |          0.128563    |      42558 |    41722 |    0.980356 |
+----------+----------------+----------+-------------------+---------------------+----------------------+------------+----------+-------------+
|      854 |          0.5   |   182115 |            182115 |              186263 |          0.275018    |      42686 |    42201 |    0.988638 |
+----------+----------------+----------+-------------------+---------------------+----------------------+------------+----------+-------------+
|      854 |          0.75  |   273173 |            273173 |              276898 |          0.424112    |      42695 |    42351 |    0.991943 |
+----------+----------------+----------+-------------------+---------------------+----------------------+------------+----------+-------------+
|      879 |          0.125 |    48235 |             48235 |               50779 |          0.0651747   |      43419 |    42212 |    0.972201 |
+----------+----------------+----------+-------------------+---------------------+----------------------+------------+----------+-------------+
|      879 |          0.25  |    96470 |             96470 |               99818 |          0.181166    |      43772 |    43040 |    0.983277 |
+----------+----------------+----------+-------------------+---------------------+----------------------+------------+----------+-------------+
|      879 |          0.5   |   192940 |            192940 |              196718 |          0.293891    |      43894 |    43619 |    0.993735 |
+----------+----------------+----------+-------------------+---------------------+----------------------+------------+----------+-------------+
|      879 |          0.75  |   289410 |            289410 |              293350 |          0.448013    |      43900 |    43704 |    0.995535 |
+----------+----------------+----------+-------------------+---------------------+----------------------+------------+----------+-------------+
|      904 |          0.125 |    51019 |             51019 |               54133 |          0.0717969   |      44756 |    43332 |    0.968183 |
+----------+----------------+----------+-------------------+---------------------+----------------------+------------+----------+-------------+
|      904 |          0.25  |   102039 |            102039 |              105872 |          0.187491    |      45096 |    44288 |    0.982083 |
+----------+----------------+----------+-------------------+---------------------+----------------------+------------+----------+-------------+
|      904 |          0.5   |   204078 |            204078 |              208491 |          0.3312      |      45191 |    44762 |    0.990507 |
+----------+----------------+----------+-------------------+---------------------+----------------------+------------+----------+-------------+
|      904 |          0.75  |   306117 |            306117 |              310999 |          0.506945    |      45198 |    44843 |    0.992146 |
+----------+----------------+----------+-------------------+---------------------+----------------------+------------+----------+-------------+
|      929 |          0.125 |    53882 |             53882 |               56860 |          0.0745239   |      45939 |    44728 |    0.973639 |
+----------+----------------+----------+-------------------+---------------------+----------------------+------------+----------+-------------+
|      929 |          0.25  |   107764 |            107764 |              111319 |          0.149117    |      46298 |    45575 |    0.984384 |
+----------+----------------+----------+-------------------+---------------------+----------------------+------------+----------+-------------+
|      929 |          0.5   |   215528 |            215528 |              220070 |          0.332868    |      46397 |    46095 |    0.993491 |
+----------+----------------+----------+-------------------+---------------------+----------------------+------------+----------+-------------+
|      929 |          0.75  |   323292 |            323292 |              327199 |          0.519814    |      46400 |    46215 |    0.996013 |
+----------+----------------+----------+-------------------+---------------------+----------------------+------------+----------+-------------+
|      954 |          0.125 |    56822 |             56822 |               60100 |          0.07906     |      47217 |    46036 |    0.974988 |
+----------+----------------+----------+-------------------+---------------------+----------------------+------------+----------+-------------+
|      954 |          0.25  |   113645 |            113645 |              116870 |          0.168646    |      47587 |    46829 |    0.984071 |
+----------+----------------+----------+-------------------+---------------------+----------------------+------------+----------+-------------+
|      954 |          0.5   |   227290 |            227290 |              232028 |          0.363854    |      47689 |    47181 |    0.989348 |
+----------+----------------+----------+-------------------+---------------------+----------------------+------------+----------+-------------+
|      954 |          0.75  |   340935 |            340935 |              345665 |          0.560479    |      47699 |    47450 |    0.99478  |
+----------+----------------+----------+-------------------+---------------------+----------------------+------------+----------+-------------+
|      979 |          0.125 |    59841 |             59841 |               63230 |          0.0842893   |      48446 |    47225 |    0.974797 |
+----------+----------------+----------+-------------------+---------------------+----------------------+------------+----------+-------------+
|      979 |          0.25  |   119682 |            119682 |              123472 |          0.192213    |      48780 |    48031 |    0.984645 |
+----------+----------------+----------+-------------------+---------------------+----------------------+------------+----------+-------------+
|      979 |          0.5   |   239365 |            239365 |              244151 |          0.372031    |      48896 |    48537 |    0.992658 |
+----------+----------------+----------+-------------------+---------------------+----------------------+------------+----------+-------------+
|      979 |          0.75  |   359048 |            359048 |              364147 |          0.664695    |      48900 |    48627 |    0.994417 |
+----------+----------------+----------+-------------------+---------------------+----------------------+------------+----------+-------------+
Mean Precision: 0.9751928739179299
