+----------+----------------+----------+------------------+---------------------+---------------------+----------------------+-----------------------+-------------+
|   #Nodes |   Edge Density |   #Edges |   #All Solutions |   #Solutions Tested |   #Basic operations |   Execution Time (s) | isExpectedResult      |   Precision |
+==========+================+==========+==================+=====================+=====================+======================+=======================+=============+
|        4 |          0.25  |        1 |             1000 |                   1 |                   2 |            0.0242734 | (24, 24, True)        |    1        |
+----------+----------------+----------+------------------+---------------------+---------------------+----------------------+-----------------------+-------------+
|        4 |          0.5   |        3 |             1000 |                   2 |                   8 |            0.0487489 | (34, 35, False)       |    0.971429 |
+----------+----------------+----------+------------------+---------------------+---------------------+----------------------+-----------------------+-------------+
|        4 |          0.75  |        4 |             1000 |                   1 |                   6 |            0.0582501 | (68, 68, True)        |    1        |
+----------+----------------+----------+------------------+---------------------+---------------------+----------------------+-----------------------+-------------+
|       29 |          0.125 |       50 |             1000 |                1000 |               76471 |            0.341088  | (808, 814, False)     |    0.992629 |
+----------+----------------+----------+------------------+---------------------+---------------------+----------------------+-----------------------+-------------+
|       29 |          0.25  |      101 |             1000 |                1000 |              119940 |            0.508562  | (1081, 1081, True)    |    1        |
+----------+----------------+----------+------------------+---------------------+---------------------+----------------------+-----------------------+-------------+
|       29 |          0.5   |      203 |             1000 |                1000 |              219430 |            0.779577  | (1250, 1271, False)   |    0.983478 |
+----------+----------------+----------+------------------+---------------------+---------------------+----------------------+-----------------------+-------------+
|       29 |          0.75  |      304 |             1000 |                1000 |              345053 |            1.00012   | (1292, 1312, False)   |    0.984756 |
+----------+----------------+----------+------------------+---------------------+---------------------+----------------------+-----------------------+-------------+
|       54 |          0.125 |      178 |             1000 |                1000 |              217704 |            0.671808  | (2027, 2095, False)   |    0.967542 |
+----------+----------------+----------+------------------+---------------------+---------------------+----------------------+-----------------------+-------------+
|       54 |          0.25  |      357 |             1000 |                1000 |              418586 |            1.07753   | (2303, 2424, False)   |    0.950083 |
+----------+----------------+----------+------------------+---------------------+---------------------+----------------------+-----------------------+-------------+
|       54 |          0.5   |      715 |             1000 |                1000 |              752664 |            1.81294   | (2480, 2517, False)   |    0.9853   |
+----------+----------------+----------+------------------+---------------------+---------------------+----------------------+-----------------------+-------------+
|       54 |          0.75  |     1073 |              776 |                 776 |              878247 |            2.00702   | (2576, 2601, False)   |    0.990388 |
+----------+----------------+----------+------------------+---------------------+---------------------+----------------------+-----------------------+-------------+
|       79 |          0.125 |      385 |             1000 |                1000 |              454326 |            1.15095   | (3144, 3343, False)   |    0.940473 |
+----------+----------------+----------+------------------+---------------------+---------------------+----------------------+-----------------------+-------------+
|       79 |          0.25  |      770 |             1000 |                1000 |              839362 |            1.91511   | (3503, 3608, False)   |    0.970898 |
+----------+----------------+----------+------------------+---------------------+---------------------+----------------------+-----------------------+-------------+
|       79 |          0.5   |     1540 |              552 |                 552 |              890441 |            2.00477   | (3734, 3783, False)   |    0.987047 |
+----------+----------------+----------+------------------+---------------------+---------------------+----------------------+-----------------------+-------------+
|       79 |          0.75  |     2310 |              354 |                 354 |              861949 |            2.00818   | (3772, 3816, False)   |    0.98847  |
+----------+----------------+----------+------------------+---------------------+---------------------+----------------------+-----------------------+-------------+
|      104 |          0.125 |      669 |             1000 |                1000 |              762333 |            1.75908   | (4373, 4599, False)   |    0.950859 |
+----------+----------------+----------+------------------+---------------------+---------------------+----------------------+-----------------------+-------------+
|      104 |          0.25  |     1339 |              638 |                 638 |              941531 |            2.00618   | (4678, 4844, False)   |    0.965731 |
+----------+----------------+----------+------------------+---------------------+---------------------+----------------------+-----------------------+-------------+
|      104 |          0.5   |     2678 |              319 |                 319 |              901537 |            2.0067    | (4955, 5024, False)   |    0.986266 |
+----------+----------------+----------+------------------+---------------------+---------------------+----------------------+-----------------------+-------------+
|      104 |          0.75  |     4017 |              210 |                 210 |              871355 |            2.00538   | (5024, 5106, False)   |    0.98394  |
+----------+----------------+----------+------------------+---------------------+---------------------+----------------------+-----------------------+-------------+
|      129 |          0.125 |     1032 |              810 |                 810 |              945663 |            2.00582   | (5534, 5857, False)   |    0.944852 |
+----------+----------------+----------+------------------+---------------------+---------------------+----------------------+-----------------------+-------------+
|      129 |          0.25  |     2064 |              428 |                 428 |              954033 |            2.00826   | (5905, 6115, False)   |    0.965658 |
+----------+----------------+----------+------------------+---------------------+---------------------+----------------------+-----------------------+-------------+
|      129 |          0.5   |     4128 |              206 |                 206 |              889428 |            2.00699   | (6172, 6240, False)   |    0.989103 |
+----------+----------------+----------+------------------+---------------------+---------------------+----------------------+-----------------------+-------------+
|      129 |          0.75  |     6192 |              132 |                 132 |              848907 |            2.0049    | (6263, 6343, False)   |    0.987388 |
+----------+----------------+----------+------------------+---------------------+---------------------+----------------------+-----------------------+-------------+
|      154 |          0.125 |     1472 |              581 |                 581 |              947325 |            2.00531   | (6668, 7051, False)   |    0.945681 |
+----------+----------------+----------+------------------+---------------------+---------------------+----------------------+-----------------------+-------------+
|      154 |          0.25  |     2945 |              291 |                 291 |              905737 |            2.00618   | (7211, 7430, False)   |    0.970525 |
+----------+----------------+----------+------------------+---------------------+---------------------+----------------------+-----------------------+-------------+
|      154 |          0.5   |     5890 |              140 |                 140 |              857301 |            2.02275   | (7436, 7577, False)   |    0.981391 |
+----------+----------------+----------+------------------+---------------------+---------------------+----------------------+-----------------------+-------------+
|      154 |          0.75  |     8835 |               88 |                  88 |              805373 |            2.00405   | (7497, 7629, False)   |    0.982698 |
+----------+----------------+----------+------------------+---------------------+---------------------+----------------------+-----------------------+-------------+
|      179 |          0.125 |     1991 |              438 |                 438 |              979441 |            2.00504   | (7827, 8253, False)   |    0.948382 |
+----------+----------------+----------+------------------+---------------------+---------------------+----------------------+-----------------------+-------------+
|      179 |          0.25  |     3982 |              213 |                 213 |              891043 |            2.00556   | (8415, 8600, False)   |    0.978488 |
+----------+----------------+----------+------------------+---------------------+---------------------+----------------------+-----------------------+-------------+
|      179 |          0.5   |     7965 |               95 |                  95 |              782894 |            2.0116    | (8681, 8782, False)   |    0.988499 |
+----------+----------------+----------+------------------+---------------------+---------------------+----------------------+-----------------------+-------------+
|      179 |          0.75  |    11948 |               60 |                  60 |              738408 |            2.02566   | (8725, 8845, False)   |    0.986433 |
+----------+----------------+----------+------------------+---------------------+---------------------+----------------------+-----------------------+-------------+
|      204 |          0.125 |     2588 |              325 |                 325 |              925858 |            2.00624   | (9145, 9665, False)   |    0.946198 |
+----------+----------------+----------+------------------+---------------------+---------------------+----------------------+-----------------------+-------------+
|      204 |          0.25  |     5176 |              154 |                 154 |              848615 |            2.00403   | (9541, 9882, False)   |    0.965493 |
+----------+----------------+----------+------------------+---------------------+---------------------+----------------------+-----------------------+-------------+
|      204 |          0.5   |    10353 |               72 |                  72 |              776816 |            2.01244   | (9853, 10051, False)  |    0.9803   |
+----------+----------------+----------+------------------+---------------------+---------------------+----------------------+-----------------------+-------------+
|      204 |          0.75  |    15529 |               46 |                  46 |              732873 |            2.02608   | (9994, 10146, False)  |    0.985019 |
+----------+----------------+----------+------------------+---------------------+---------------------+----------------------+-----------------------+-------------+
|      229 |          0.125 |     3263 |              256 |                 256 |              911440 |            2.00898   | (10394, 10900, False) |    0.953578 |
+----------+----------------+----------+------------------+---------------------+---------------------+----------------------+-----------------------+-------------+
|      229 |          0.25  |     6526 |              121 |                 121 |              830230 |            2.00946   | (10847, 11155, False) |    0.972389 |
+----------+----------------+----------+------------------+---------------------+---------------------+----------------------+-----------------------+-------------+
|      229 |          0.5   |    13053 |               56 |                  56 |              758463 |            2.0377    | (11096, 11313, False) |    0.980819 |
+----------+----------------+----------+------------------+---------------------+---------------------+----------------------+-----------------------+-------------+
|      229 |          0.75  |    19579 |               36 |                  36 |              721227 |            2.0553    | (11214, 11364, False) |    0.9868   |
+----------+----------------+----------+------------------+---------------------+---------------------+----------------------+-----------------------+-------------+
|      254 |          0.125 |     4016 |              207 |                 207 |              900452 |            2.01111   | (11546, 12072, False) |    0.956428 |
+----------+----------------+----------+------------------+---------------------+---------------------+----------------------+-----------------------+-------------+
|      254 |          0.25  |     8032 |               96 |                  96 |              812981 |            2.02275   | (11985, 12384, False) |    0.967781 |
+----------+----------------+----------+------------------+---------------------+---------------------+----------------------+-----------------------+-------------+
|      254 |          0.5   |    16065 |               44 |                  44 |              728958 |            2.02069   | (12338, 12583, False) |    0.980529 |
+----------+----------------+----------+------------------+---------------------+---------------------+----------------------+-----------------------+-------------+
|      254 |          0.75  |    24098 |               28 |                  28 |              690256 |            2.0303    | (12455, 12642, False) |    0.985208 |
+----------+----------------+----------+------------------+---------------------+---------------------+----------------------+-----------------------+-------------+
|      279 |          0.125 |     4847 |              153 |                 153 |              802263 |            2.00786   | (12788, 13348, False) |    0.958046 |
+----------+----------------+----------+------------------+---------------------+---------------------+----------------------+-----------------------+-------------+
|      279 |          0.25  |     9695 |               76 |                  76 |              772617 |            2.00975   | (13287, 13651, False) |    0.973335 |
+----------+----------------+----------+------------------+---------------------+---------------------+----------------------+-----------------------+-------------+
|      279 |          0.5   |    19390 |               35 |                  35 |              699104 |            2.0135    | (13597, 13816, False) |    0.984149 |
+----------+----------------+----------+------------------+---------------------+---------------------+----------------------+-----------------------+-------------+
|      279 |          0.75  |    29085 |               22 |                  22 |              654382 |            2.01962   | (13673, 13856, False) |    0.986793 |
+----------+----------------+----------+------------------+---------------------+---------------------+----------------------+-----------------------+-------------+
|      304 |          0.125 |     5757 |              136 |                 136 |              846582 |            2.01684   | (14004, 14618, False) |    0.957997 |
+----------+----------------+----------+------------------+---------------------+---------------------+----------------------+-----------------------+-------------+
|      304 |          0.25  |    11514 |               63 |                  63 |              759675 |            2.02617   | (14525, 14950, False) |    0.971572 |
+----------+----------------+----------+------------------+---------------------+---------------------+----------------------+-----------------------+-------------+
|      304 |          0.5   |    23028 |               29 |                  29 |              688073 |            2.03506   | (14779, 15109, False) |    0.978159 |
+----------+----------------+----------+------------------+---------------------+---------------------+----------------------+-----------------------+-------------+
|      304 |          0.75  |    34542 |               19 |                  19 |              670416 |            2.10339   | (14920, 15154, False) |    0.984559 |
+----------+----------------+----------+------------------+---------------------+---------------------+----------------------+-----------------------+-------------+
|      329 |          0.125 |     6744 |              115 |                 115 |              834045 |            2.00518   | (15204, 15782, False) |    0.963376 |
+----------+----------------+----------+------------------+---------------------+---------------------+----------------------+-----------------------+-------------+
|      329 |          0.25  |    13489 |               51 |                  51 |              716560 |            2.00697   | (15740, 16190, False) |    0.972205 |
+----------+----------------+----------+------------------+---------------------+---------------------+----------------------+-----------------------+-------------+
|      329 |          0.5   |    26978 |               23 |                  23 |              639564 |            2.0377    | (16013, 16296, False) |    0.982634 |
+----------+----------------+----------+------------------+---------------------+---------------------+----------------------+-----------------------+-------------+
|      329 |          0.75  |    40467 |               15 |                  15 |              618311 |            2.12465   | (16164, 16361, False) |    0.987959 |
+----------+----------------+----------+------------------+---------------------+---------------------+----------------------+-----------------------+-------------+
|      354 |          0.125 |     7810 |               92 |                  92 |              765825 |            2.01528   | (16431, 17138, False) |    0.958747 |
+----------+----------------+----------+------------------+---------------------+---------------------+----------------------+-----------------------+-------------+
|      354 |          0.25  |    15620 |               44 |                  44 |              716038 |            2.03644   | (17025, 17421, False) |    0.977269 |
+----------+----------------+----------+------------------+---------------------+---------------------+----------------------+-----------------------+-------------+
|      354 |          0.5   |    31240 |               20 |                  20 |              640686 |            2.02892   | (17300, 17614, False) |    0.982173 |
+----------+----------------+----------+------------------+---------------------+---------------------+----------------------+-----------------------+-------------+
|      354 |          0.75  |    46860 |               13 |                  13 |              620820 |            2.11195   | (17370, 17666, False) |    0.983245 |
+----------+----------------+----------+------------------+---------------------+---------------------+----------------------+-----------------------+-------------+
|      379 |          0.125 |     8953 |               82 |                  82 |              779748 |            2.0082    | (17656, 18334, False) |    0.96302  |
+----------+----------------+----------+------------------+---------------------+---------------------+----------------------+-----------------------+-------------+
|      379 |          0.25  |    17907 |               38 |                  38 |              706917 |            2.02043   | (18250, 18685, False) |    0.976719 |
+----------+----------------+----------+------------------+---------------------+---------------------+----------------------+-----------------------+-------------+
|      379 |          0.5   |    35815 |               17 |                  17 |              624369 |            2.01498   | (18530, 18845, False) |    0.983285 |
+----------+----------------+----------+------------------+---------------------+---------------------+----------------------+-----------------------+-------------+
|      379 |          0.75  |    53723 |               11 |                  11 |              600052 |            2.09105   | (18646, 18868, False) |    0.988234 |
+----------+----------------+----------+------------------+---------------------+---------------------+----------------------+-----------------------+-------------+
|      404 |          0.125 |    10175 |               71 |                  71 |              765463 |            2.01827   | (18995, 19665, False) |    0.965929 |
+----------+----------------+----------+------------------+---------------------+---------------------+----------------------+-----------------------+-------------+
|      404 |          0.25  |    20351 |               31 |                  31 |              656636 |            2.00875   | (19454, 19993, False) |    0.973041 |
+----------+----------------+----------+------------------+---------------------+---------------------+----------------------+-----------------------+-------------+
|      404 |          0.5   |    40703 |               13 |                  13 |              543090 |            2.03529   | (19782, 20132, False) |    0.982615 |
+----------+----------------+----------+------------------+---------------------+---------------------+----------------------+-----------------------+-------------+
|      404 |          0.75  |    61054 |                9 |                   9 |              560955 |            2.09385   | (19826, 20179, False) |    0.982507 |
+----------+----------------+----------+------------------+---------------------+---------------------+----------------------+-----------------------+-------------+
|      429 |          0.125 |    11475 |               61 |                  61 |              747842 |            2.02288   | (20137, 20865, False) |    0.965109 |
+----------+----------------+----------+------------------+---------------------+---------------------+----------------------+-----------------------+-------------+
|      429 |          0.25  |    22951 |               28 |                  28 |              665669 |            2.05315   | (20724, 21171, False) |    0.978886 |
+----------+----------------+----------+------------------+---------------------+---------------------+----------------------+-----------------------+-------------+
|      429 |          0.5   |    45903 |               13 |                  13 |              610950 |            2.09911   | (20969, 21332, False) |    0.982983 |
+----------+----------------+----------+------------------+---------------------+---------------------+----------------------+-----------------------+-------------+
|      429 |          0.75  |    68854 |                8 |                   8 |              559006 |            2.05504   | (21100, 21374, False) |    0.987181 |
+----------+----------------+----------+------------------+---------------------+---------------------+----------------------+-----------------------+-------------+
|      454 |          0.125 |    12853 |               55 |                  55 |              744863 |            2.04053   | (21490, 22175, False) |    0.969109 |
+----------+----------------+----------+------------------+---------------------+---------------------+----------------------+-----------------------+-------------+
|      454 |          0.25  |    25707 |               25 |                  25 |              665100 |            2.05455   | (21930, 22469, False) |    0.976011 |
+----------+----------------+----------+------------------+---------------------+---------------------+----------------------+-----------------------+-------------+
|      454 |          0.5   |    51415 |               11 |                  11 |              578544 |            2.00834   | (22260, 22643, False) |    0.983085 |
+----------+----------------+----------+------------------+---------------------+---------------------+----------------------+-----------------------+-------------+
|      454 |          0.75  |    77123 |                7 |                   7 |              547778 |            2.10006   | (22378, 22676, False) |    0.986858 |
+----------+----------------+----------+------------------+---------------------+---------------------+----------------------+-----------------------+-------------+
|      479 |          0.125 |    14310 |               47 |                  47 |              708432 |            2.02662   | (22624, 23338, False) |    0.969406 |
+----------+----------------+----------+------------------+---------------------+---------------------+----------------------+-----------------------+-------------+
|      479 |          0.25  |    28620 |               22 |                  22 |              649403 |            2.06615   | (23233, 23684, False) |    0.980958 |
+----------+----------------+----------+------------------+---------------------+---------------------+----------------------+-----------------------+-------------+
|      479 |          0.5   |    57240 |               10 |                  10 |              583660 |            2.07148   | (23515, 23834, False) |    0.986616 |
+----------+----------------+----------+------------------+---------------------+---------------------+----------------------+-----------------------+-------------+
|      479 |          0.75  |    85860 |                6 |                   6 |              522253 |            2.01435   | (23601, 23886, False) |    0.988068 |
+----------+----------------+----------+------------------+---------------------+---------------------+----------------------+-----------------------+-------------+
|      504 |          0.125 |    15844 |               43 |                  43 |              720097 |            2.04849   | (23809, 24671, False) |    0.96506  |
+----------+----------------+----------+------------------+---------------------+---------------------+----------------------+-----------------------+-------------+
|      504 |          0.25  |    31689 |               19 |                  19 |              622316 |            2.01603   | (24382, 24993, False) |    0.975553 |
+----------+----------------+----------+------------------+---------------------+---------------------+----------------------+-----------------------+-------------+
|      504 |          0.5   |    63378 |                9 |                   9 |              581659 |            2.13641   | (24695, 25148, False) |    0.981987 |
+----------+----------------+----------+------------------+---------------------+---------------------+----------------------+-----------------------+-------------+
|      504 |          0.75  |    95067 |                6 |                   6 |              578671 |            2.26064   | (24847, 25188, False) |    0.986462 |
+----------+----------------+----------+------------------+---------------------+---------------------+----------------------+-----------------------+-------------+
|      529 |          0.125 |    17457 |               38 |                  38 |              698338 |            2.0177    | (25013, 25896, False) |    0.965902 |
+----------+----------------+----------+------------------+---------------------+---------------------+----------------------+-----------------------+-------------+
|      529 |          0.25  |    34914 |               18 |                  18 |              648784 |            2.11451   | (25613, 26223, False) |    0.976738 |
+----------+----------------+----------+------------------+---------------------+---------------------+----------------------+-----------------------+-------------+
|      529 |          0.5   |    69828 |                8 |                   8 |              569464 |            2.1197    | (25898, 26346, False) |    0.982996 |
+----------+----------------+----------+------------------+---------------------+---------------------+----------------------+-----------------------+-------------+
|      529 |          0.75  |   104742 |                5 |                   5 |              532192 |            2.125     | (26061, 26389, False) |    0.987571 |
+----------+----------------+----------+------------------+---------------------+---------------------+----------------------+-----------------------+-------------+
|      554 |          0.125 |    19147 |               34 |                  34 |              685835 |            2.02064   | (26356, 27210, False) |    0.968614 |
+----------+----------------+----------+------------------+---------------------+---------------------+----------------------+-----------------------+-------------+
|      554 |          0.25  |    38295 |               16 |                  16 |              633157 |            2.1051    | (26893, 27510, False) |    0.977572 |
+----------+----------------+----------+------------------+---------------------+---------------------+----------------------+-----------------------+-------------+
|      554 |          0.5   |    76590 |                7 |                   7 |              546269 |            2.05553   | (27154, 27651, False) |    0.982026 |
+----------+----------------+----------+------------------+---------------------+---------------------+----------------------+-----------------------+-------------+
|      554 |          0.75  |   114885 |                5 |                   5 |              582137 |            2.42954   | (27334, 27689, False) |    0.987179 |
+----------+----------------+----------+------------------+---------------------+---------------------+----------------------+-----------------------+-------------+
|      579 |          0.125 |    20916 |               30 |                  30 |              657295 |            2.00851   | (27474, 28353, False) |    0.968998 |
+----------+----------------+----------+------------------+---------------------+---------------------+----------------------+-----------------------+-------------+
|      579 |          0.25  |    41832 |               14 |                  14 |              602856 |            2.00977   | (28163, 28730, False) |    0.980265 |
+----------+----------------+----------+------------------+---------------------+---------------------+----------------------+-----------------------+-------------+
|      579 |          0.5   |    83665 |                7 |                   7 |              596984 |            2.2397    | (28432, 28863, False) |    0.985067 |
+----------+----------------+----------+------------------+---------------------+---------------------+----------------------+-----------------------+-------------+
|      579 |          0.75  |   125498 |                3 |                   3 |              381840 |            2.61942   | (28491, 28894, False) |    0.986052 |
+----------+----------------+----------+------------------+---------------------+---------------------+----------------------+-----------------------+-------------+
|      604 |          0.125 |    22763 |               24 |                  24 |              575392 |            2.07934   | (28768, 29732, False) |    0.967577 |
+----------+----------------+----------+------------------+---------------------+---------------------+----------------------+-----------------------+-------------+
|      604 |          0.25  |    45526 |               11 |                  11 |              516514 |            2.10055   | (29304, 30009, False) |    0.976507 |
+----------+----------------+----------+------------------+---------------------+---------------------+----------------------+-----------------------+-------------+
|      604 |          0.5   |    91053 |                6 |                   6 |              555943 |            2.09483   | (29689, 30149, False) |    0.984742 |
+----------+----------------+----------+------------------+---------------------+---------------------+----------------------+-----------------------+-------------+
|      604 |          0.75  |   136579 |                4 |                   4 |              552585 |            2.28817   | (29758, 30193, False) |    0.985593 |
+----------+----------------+----------+------------------+---------------------+---------------------+----------------------+-----------------------+-------------+
|      629 |          0.125 |    24688 |               26 |                  26 |              670699 |            2.01602   | (30055, 30965, False) |    0.970612 |
+----------+----------------+----------+------------------+---------------------+---------------------+----------------------+-----------------------+-------------+
|      629 |          0.25  |    49376 |               12 |                  12 |              611206 |            2.11689   | (30528, 31225, False) |    0.977678 |
+----------+----------------+----------+------------------+---------------------+---------------------+----------------------+-----------------------+-------------+
|      629 |          0.5   |    98753 |                5 |                   5 |              502083 |            2.2805    | (30896, 31369, False) |    0.984921 |
+----------+----------------+----------+------------------+---------------------+---------------------+----------------------+-----------------------+-------------+
|      629 |          0.75  |   148129 |                4 |                   4 |              600768 |            2.57421   | (31005, 31392, False) |    0.987672 |
+----------+----------------+----------+------------------+---------------------+---------------------+----------------------+-----------------------+-------------+
|      654 |          0.125 |    26691 |               24 |                  24 |              671683 |            2.05024   | (31161, 32181, False) |    0.968304 |
+----------+----------------+----------+------------------+---------------------+---------------------+----------------------+-----------------------+-------------+
|      654 |          0.25  |    53382 |               11 |                  11 |              603201 |            2.11873   | (31859, 32510, False) |    0.979975 |
+----------+----------------+----------+------------------+---------------------+---------------------+----------------------+-----------------------+-------------+
|      654 |          0.5   |   106765 |                5 |                   5 |              542370 |            2.12251   | (32089, 32662, False) |    0.982457 |
+----------+----------------+----------+------------------+---------------------+---------------------+----------------------+-----------------------+-------------+
|      654 |          0.75  |   160148 |                3 |                   3 |              485466 |            2.14134   | (32287, 32693, False) |    0.987581 |
+----------+----------------+----------+------------------+---------------------+---------------------+----------------------+-----------------------+-------------+
|      679 |          0.125 |    28772 |               22 |                  22 |              664609 |            2.02558   | (32403, 33403, False) |    0.970063 |
+----------+----------------+----------+------------------+---------------------+---------------------+----------------------+-----------------------+-------------+
|      679 |          0.25  |    57545 |               10 |                  10 |              591522 |            2.05036   | (33033, 33726, False) |    0.979452 |
+----------+----------------+----------+------------------+---------------------+---------------------+----------------------+-----------------------+-------------+
|      679 |          0.5   |   115090 |                5 |                   5 |              585415 |            2.28637   | (33412, 33871, False) |    0.986449 |
+----------+----------------+----------+------------------+---------------------+---------------------+----------------------+-----------------------+-------------+
|      679 |          0.75  |   172635 |                3 |                   3 |              523771 |            2.33215   | (33530, 33899, False) |    0.989115 |
+----------+----------------+----------+------------------+---------------------+---------------------+----------------------+-----------------------+-------------+
|      704 |          0.125 |    30932 |               20 |                  20 |              648289 |            2.02728   | (33748, 34711, False) |    0.972257 |
+----------+----------------+----------+------------------+---------------------+---------------------+----------------------+-----------------------+-------------+
|      704 |          0.25  |    61864 |                9 |                   9 |              572820 |            2.05767   | (34274, 35017, False) |    0.978782 |
+----------+----------------+----------+------------------+---------------------+---------------------+----------------------+-----------------------+-------------+
|      704 |          0.5   |   123728 |                4 |                   4 |              503396 |            2.1362    | (34581, 35177, False) |    0.983057 |
+----------+----------------+----------+------------------+---------------------+---------------------+----------------------+-----------------------+-------------+
|      704 |          0.75  |   185592 |                3 |                   3 |              562470 |            2.62293   | (34744, 35196, False) |    0.987158 |
+----------+----------------+----------+------------------+---------------------+---------------------+----------------------+-----------------------+-------------+
|      729 |          0.125 |    33169 |               19 |                  19 |              658264 |            2.06125   | (34903, 35947, False) |    0.970957 |
+----------+----------------+----------+------------------+---------------------+---------------------+----------------------+-----------------------+-------------+
|      729 |          0.25  |    66339 |                9 |                   9 |              613817 |            2.1715    | (35552, 36228, False) |    0.98134  |
+----------+----------------+----------+------------------+---------------------+---------------------+----------------------+-----------------------+-------------+
|      729 |          0.5   |   132678 |                4 |                   4 |              538242 |            2.56556   | (35846, 36380, False) |    0.985322 |
+----------+----------------+----------+------------------+---------------------+---------------------+----------------------+-----------------------+-------------+
|      729 |          0.75  |   199017 |                3 |                   3 |              602689 |            2.78559   | (36020, 36399, False) |    0.989588 |
+----------+----------------+----------+------------------+---------------------+---------------------+----------------------+-----------------------+-------------+
|      754 |          0.125 |    35485 |               17 |                  17 |              629681 |            2.00945   | (36190, 37226, False) |    0.97217  |
+----------+----------------+----------+------------------+---------------------+---------------------+----------------------+-----------------------+-------------+
|      754 |          0.25  |    70970 |                8 |                   8 |              582309 |            2.09144   | (36738, 37540, False) |    0.978636 |
+----------+----------------+----------+------------------+---------------------+---------------------+----------------------+-----------------------+-------------+
|      754 |          0.5   |   141940 |                4 |                   4 |              576741 |            2.40024   | (37076, 37676, False) |    0.984075 |
+----------+----------------+----------+------------------+---------------------+---------------------+----------------------+-----------------------+-------------+
|      754 |          0.75  |   212910 |                2 |                   2 |              430890 |            2.13156   | (37171, 37698, False) |    0.98602  |
+----------+----------------+----------+------------------+---------------------+---------------------+----------------------+-----------------------+-------------+
|      779 |          0.125 |    37878 |               16 |                  16 |              631244 |            2.02089   | (37364, 38438, False) |    0.972059 |
+----------+----------------+----------+------------------+---------------------+---------------------+----------------------+-----------------------+-------------+
|      779 |          0.25  |    75757 |                7 |                   7 |              543697 |            2.00592   | (38010, 38767, False) |    0.980473 |
+----------+----------------+----------+------------------+---------------------+---------------------+----------------------+-----------------------+-------------+
|      779 |          0.5   |   151515 |                4 |                   4 |              614963 |            2.62246   | (38353, 38886, False) |    0.986293 |
+----------+----------------+----------+------------------+---------------------+---------------------+----------------------+-----------------------+-------------+
|      779 |          0.75  |   227273 |                2 |                   2 |              459073 |            2.3252    | (38498, 38900, False) |    0.989666 |
+----------+----------------+----------+------------------+---------------------+---------------------+----------------------+-----------------------+-------------+
|      804 |          0.125 |    40350 |               15 |                  15 |              630240 |            2.07527   | (38551, 39726, False) |    0.970422 |
+----------+----------------+----------+------------------+---------------------+---------------------+----------------------+-----------------------+-------------+
|      804 |          0.25  |    80701 |                7 |                   7 |              579692 |            2.16791   | (39207, 40080, False) |    0.978219 |
+----------+----------------+----------+------------------+---------------------+---------------------+----------------------+-----------------------+-------------+
|      804 |          0.5   |   161403 |                3 |                   3 |              490820 |            2.1593    | (39621, 40189, False) |    0.985867 |
+----------+----------------+----------+------------------+---------------------+---------------------+----------------------+-----------------------+-------------+
|      804 |          0.75  |   242104 |                2 |                   2 |              488951 |            2.53382   | (39714, 40198, False) |    0.98796  |
+----------+----------------+----------+------------------+---------------------+---------------------+----------------------+-----------------------+-------------+
|      829 |          0.125 |    42900 |               13 |                  13 |              581700 |            2.0093    | (39800, 40951, False) |    0.971893 |
+----------+----------------+----------+------------------+---------------------+---------------------+----------------------+-----------------------+-------------+
|      829 |          0.25  |    85801 |                7 |                   7 |              614241 |            2.31623   | (40487, 41255, False) |    0.981384 |
+----------+----------------+----------+------------------+---------------------+---------------------+----------------------+-----------------------+-------------+
|      829 |          0.5   |   171603 |                3 |                   3 |              521690 |            2.39962   | (40856, 41388, False) |    0.987146 |
+----------+----------------+----------+------------------+---------------------+---------------------+----------------------+-----------------------+-------------+
|      829 |          0.75  |   257404 |                2 |                   2 |              519455 |            2.68162   | (40937, 41400, False) |    0.988816 |
+----------+----------------+----------+------------------+---------------------+---------------------+----------------------+-----------------------+-------------+
|      854 |          0.125 |    45528 |               13 |                  13 |              615504 |            2.05454   | (41128, 42227, False) |    0.973974 |
+----------+----------------+----------+------------------+---------------------+---------------------+----------------------+-----------------------+-------------+
|      854 |          0.25  |    91057 |                6 |                   6 |              558433 |            2.11242   | (41698, 42558, False) |    0.979792 |
+----------+----------------+----------+------------------+---------------------+---------------------+----------------------+-----------------------+-------------+
|      854 |          0.5   |   182115 |                3 |                   3 |              553112 |            2.51776   | (42057, 42686, False) |    0.985264 |
+----------+----------------+----------+------------------+---------------------+---------------------+----------------------+-----------------------+-------------+
|      854 |          0.75  |   273173 |                2 |                   2 |              551399 |            2.91544   | (42168, 42695, False) |    0.987657 |
+----------+----------------+----------+------------------+---------------------+---------------------+----------------------+-----------------------+-------------+
|      879 |          0.125 |    48235 |               13 |                  13 |              652755 |            2.16201   | (42183, 43419, False) |    0.971533 |
+----------+----------------+----------+------------------+---------------------+---------------------+----------------------+-----------------------+-------------+
|      879 |          0.25  |    96470 |                6 |                   6 |              591929 |            2.27728   | (42938, 43772, False) |    0.980947 |
+----------+----------------+----------+------------------+---------------------+---------------------+----------------------+-----------------------+-------------+
|      879 |          0.5   |   192940 |                3 |                   3 |              586981 |            2.68579   | (43306, 43894, False) |    0.986604 |
+----------+----------------+----------+------------------+---------------------+---------------------+----------------------+-----------------------+-------------+
|      879 |          0.75  |   289410 |                2 |                   2 |              584083 |            3.40186   | (43459, 43900, False) |    0.989954 |
+----------+----------------+----------+------------------+---------------------+---------------------+----------------------+-----------------------+-------------+
|      904 |          0.125 |    51019 |               12 |                  12 |              637295 |            2.16417   | (43445, 44756, False) |    0.970708 |
+----------+----------------+----------+------------------+---------------------+---------------------+----------------------+-----------------------+-------------+
|      904 |          0.25  |   102039 |                5 |                   5 |              522114 |            2.04308   | (44228, 45096, False) |    0.980752 |
+----------+----------------+----------+------------------+---------------------+---------------------+----------------------+-----------------------+-------------+
|      904 |          0.5   |   204078 |                2 |                   2 |              413756 |            2.01764   | (44438, 45191, False) |    0.983337 |
+----------+----------------+----------+------------------+---------------------+---------------------+----------------------+-----------------------+-------------+
|      904 |          0.75  |   306117 |                2 |                   2 |              617323 |            3.48252   | (44707, 45198, False) |    0.989137 |
+----------+----------------+----------+------------------+---------------------+---------------------+----------------------+-----------------------+-------------+
|      929 |          0.125 |    53882 |               11 |                  11 |              616475 |            2.13138   | (44710, 45939, False) |    0.973247 |
+----------+----------------+----------+------------------+---------------------+---------------------+----------------------+-----------------------+-------------+
|      929 |          0.25  |   107764 |                5 |                   5 |              550816 |            2.21691   | (45450, 46298, False) |    0.981684 |
+----------+----------------+----------+------------------+---------------------+---------------------+----------------------+-----------------------+-------------+
|      929 |          0.5   |   215528 |                2 |                   2 |              435353 |            2.16255   | (45882, 46397, False) |    0.9889   |
+----------+----------------+----------+------------------+---------------------+---------------------+----------------------+-----------------------+-------------+
|      929 |          0.75  |   323292 |                2 |                   2 |              652025 |            3.56782   | (45891, 46400, False) |    0.98903  |
+----------+----------------+----------+------------------+---------------------+---------------------+----------------------+-----------------------+-------------+
|      954 |          0.125 |    56822 |               10 |                  10 |              590095 |            2.00816   | (45998, 47217, False) |    0.974183 |
+----------+----------------+----------+------------------+---------------------+---------------------+----------------------+-----------------------+-------------+
|      954 |          0.25  |   113645 |                5 |                   5 |              581804 |            2.37089   | (46604, 47587, False) |    0.979343 |
+----------+----------------+----------+------------------+---------------------+---------------------+----------------------+-----------------------+-------------+
|      954 |          0.5   |   227290 |                2 |                   2 |              459729 |            2.29767   | (47081, 47689, False) |    0.987251 |
+----------+----------------+----------+------------------+---------------------+---------------------+----------------------+-----------------------+-------------+
|      954 |          0.75  |   340935 |                1 |                   1 |              343746 |            2.14573   | (47138, 47699, False) |    0.988239 |
+----------+----------------+----------+------------------+---------------------+---------------------+----------------------+-----------------------+-------------+
|      979 |          0.125 |    59841 |               10 |                  10 |              620374 |            2.15036   | (47171, 48446, False) |    0.973682 |
+----------+----------------+----------+------------------+---------------------+---------------------+----------------------+-----------------------+-------------+
|      979 |          0.25  |   119682 |                5 |                   5 |              610930 |            2.39791   | (47912, 48780, False) |    0.982206 |
+----------+----------------+----------+------------------+---------------------+---------------------+----------------------+-----------------------+-------------+
|      979 |          0.5   |   239365 |                2 |                   2 |              484013 |            2.43607   | (48259, 48896, False) |    0.986972 |
+----------+----------------+----------+------------------+---------------------+---------------------+----------------------+-----------------------+-------------+
|      979 |          0.75  |   359048 |                1 |                   1 |              362403 |            2.31447   | (48332, 48900, False) |    0.988384 |
+----------+----------------+----------+------------------+---------------------+---------------------+----------------------+-----------------------+-------------+
Correct results: 3 of 159
Mean Precision: 0.9783638114200558