+----------+----------------+----------+-------------------+---------------------------+----------------------+-----------------------+-------------+
|   #Nodes |   Edge Density |   #Edges |   #Subsets Tested |   #is_matching operations |   Execution Time (s) | isExpectedResult      |   Precision |
+==========+================+==========+===================+===========================+======================+=======================+=============+
|       20 |          0.125 |       23 |                 0 |                         0 |             0.111711 | (644, 644, True)      |    1        |
+----------+----------------+----------+-------------------+---------------------------+----------------------+-----------------------+-------------+
|       20 |          0.25  |       47 |                 0 |                         0 |             0.159612 | (694, 694, True)      |    1        |
+----------+----------------+----------+-------------------+---------------------------+----------------------+-----------------------+-------------+
|       20 |          0.5   |       95 |                 0 |                         0 |             0.205761 | (878, 878, True)      |    1        |
+----------+----------------+----------+-------------------+---------------------------+----------------------+-----------------------+-------------+
|       20 |          0.75  |      142 |                 0 |                         0 |             0.273987 | (900, 900, True)      |    1        |
+----------+----------------+----------+-------------------+---------------------------+----------------------+-----------------------+-------------+
|       45 |          0.125 |      123 |                 0 |                         0 |             0.249799 | (1781, 1792, False)   |    0.993862 |
+----------+----------------+----------+-------------------+---------------------------+----------------------+-----------------------+-------------+
|       45 |          0.25  |      247 |                 0 |                         0 |             0.348029 | (1870, 1926, False)   |    0.970924 |
+----------+----------------+----------+-------------------+---------------------------+----------------------+-----------------------+-------------+
|       45 |          0.5   |      495 |                 0 |                         0 |             0.534962 | (2044, 2056, False)   |    0.994163 |
+----------+----------------+----------+-------------------+---------------------------+----------------------+-----------------------+-------------+
|       45 |          0.75  |      742 |                 0 |                         0 |             0.728286 | (2089, 2124, False)   |    0.983522 |
+----------+----------------+----------+-------------------+---------------------------+----------------------+-----------------------+-------------+
|       70 |          0.125 |      301 |                 0 |                         0 |             0.393871 | (2617, 2721, False)   |    0.961779 |
+----------+----------------+----------+-------------------+---------------------------+----------------------+-----------------------+-------------+
|       70 |          0.25  |      603 |                 0 |                         0 |             0.618888 | (3140, 3271, False)   |    0.959951 |
+----------+----------------+----------+-------------------+---------------------------+----------------------+-----------------------+-------------+
|       70 |          0.5   |     1207 |                 0 |                         0 |             1.09643  | (3203, 3317, False)   |    0.965632 |
+----------+----------------+----------+-------------------+---------------------------+----------------------+-----------------------+-------------+
|       70 |          0.75  |     1811 |                 0 |                         0 |             1.56277  | (3225, 3393, False)   |    0.950486 |
+----------+----------------+----------+-------------------+---------------------------+----------------------+-----------------------+-------------+
|       95 |          0.125 |      558 |                 0 |                         0 |             0.658392 | (4023, 4203, False)   |    0.957173 |
+----------+----------------+----------+-------------------+---------------------------+----------------------+-----------------------+-------------+
|       95 |          0.25  |     1116 |                 0 |                         0 |             1.08323  | (4222, 4437, False)   |    0.951544 |
+----------+----------------+----------+-------------------+---------------------------+----------------------+-----------------------+-------------+
|       95 |          0.5   |     2232 |                 0 |                         0 |             1.93748  | (4425, 4586, False)   |    0.964893 |
+----------+----------------+----------+-------------------+---------------------------+----------------------+-----------------------+-------------+
|       95 |          0.75  |     3348 |                 0 |                         0 |             2.00141  | (4389, 4620, False)   |    0.95     |
+----------+----------------+----------+-------------------+---------------------------+----------------------+-----------------------+-------------+
|      120 |          0.125 |      892 |                 0 |                         0 |             0.878273 | (5138, 5444, False)   |    0.943791 |
+----------+----------------+----------+-------------------+---------------------------+----------------------+-----------------------+-------------+
|      120 |          0.25  |     1785 |                 0 |                         0 |             1.54106  | (5296, 5647, False)   |    0.937843 |
+----------+----------------+----------+-------------------+---------------------------+----------------------+-----------------------+-------------+
|      120 |          0.5   |     3570 |                 0 |                         0 |             2.00135  | (5443, 5842, False)   |    0.931701 |
+----------+----------------+----------+-------------------+---------------------------+----------------------+-----------------------+-------------+
|      120 |          0.75  |     5355 |                 0 |                         0 |             2.0007   | (5616, 5929, False)   |    0.947209 |
+----------+----------------+----------+-------------------+---------------------------+----------------------+-----------------------+-------------+
|      145 |          0.125 |     1305 |                 0 |                         0 |             1.17527  | (6309, 6695, False)   |    0.942345 |
+----------+----------------+----------+-------------------+---------------------------+----------------------+-----------------------+-------------+
|      145 |          0.25  |     2610 |                 0 |                         0 |             2.00005  | (6422, 6906, False)   |    0.929916 |
+----------+----------------+----------+-------------------+---------------------------+----------------------+-----------------------+-------------+
|      145 |          0.5   |     5220 |                 0 |                         0 |             2.00009  | (6670, 7089, False)   |    0.940894 |
+----------+----------------+----------+-------------------+---------------------------+----------------------+-----------------------+-------------+
|      145 |          0.75  |     7830 |                 0 |                         0 |             2.00228  | (6704, 7141, False)   |    0.938804 |
+----------+----------------+----------+-------------------+---------------------------+----------------------+-----------------------+-------------+
|      170 |          0.125 |     1795 |                 0 |                         0 |             1.56627  | (7468, 7937, False)   |    0.94091  |
+----------+----------------+----------+-------------------+---------------------------+----------------------+-----------------------+-------------+
|      170 |          0.25  |     3591 |                 0 |                         0 |             2.00007  | (7644, 8194, False)   |    0.932878 |
+----------+----------------+----------+-------------------+---------------------------+----------------------+-----------------------+-------------+
|      170 |          0.5   |     7182 |                 0 |                         0 |             2.00221  | (7858, 8397, False)   |    0.93581  |
+----------+----------------+----------+-------------------+---------------------------+----------------------+-----------------------+-------------+
|      170 |          0.75  |    10773 |                 0 |                         0 |             2.00484  | (7832, 8430, False)   |    0.929063 |
+----------+----------------+----------+-------------------+---------------------------+----------------------+-----------------------+-------------+
|      195 |          0.125 |     2364 |                 0 |                         0 |             2.00171  | (8478, 9104, False)   |    0.931239 |
+----------+----------------+----------+-------------------+---------------------------+----------------------+-----------------------+-------------+
|      195 |          0.25  |     4728 |                 0 |                         0 |             2.00229  | (8804, 9407, False)   |    0.935899 |
+----------+----------------+----------+-------------------+---------------------------+----------------------+-----------------------+-------------+
|      195 |          0.5   |     9457 |                 0 |                         0 |             2.00479  | (8971, 9590, False)   |    0.935454 |
+----------+----------------+----------+-------------------+---------------------------+----------------------+-----------------------+-------------+
|      195 |          0.75  |    14186 |                 0 |                         0 |             2.00408  | (9037, 9649, False)   |    0.936574 |
+----------+----------------+----------+-------------------+---------------------------+----------------------+-----------------------+-------------+
|      220 |          0.125 |     3011 |                 0 |                         0 |             2.00201  | (9543, 10408, False)  |    0.916891 |
+----------+----------------+----------+-------------------+---------------------------+----------------------+-----------------------+-------------+
|      220 |          0.25  |     6022 |                 0 |                         0 |             2.00308  | (9989, 10750, False)  |    0.929209 |
+----------+----------------+----------+-------------------+---------------------------+----------------------+-----------------------+-------------+
|      220 |          0.5   |    12045 |                 0 |                         0 |             2.00025  | (10056, 10856, False) |    0.926308 |
+----------+----------------+----------+-------------------+---------------------------+----------------------+-----------------------+-------------+
|      220 |          0.75  |    18067 |                 0 |                         0 |             2.01148  | (10122, 10933, False) |    0.925821 |
+----------+----------------+----------+-------------------+---------------------------+----------------------+-----------------------+-------------+
|      245 |          0.125 |     3736 |                 0 |                         0 |             2.00008  | (10758, 11644, False) |    0.923909 |
+----------+----------------+----------+-------------------+---------------------------+----------------------+-----------------------+-------------+
|      245 |          0.25  |     7472 |                 0 |                         0 |             2.00489  | (11125, 11950, False) |    0.930962 |
+----------+----------------+----------+-------------------+---------------------------+----------------------+-----------------------+-------------+
|      245 |          0.5   |    14945 |                 0 |                         0 |             2.0059   | (11289, 12089, False) |    0.933824 |
+----------+----------------+----------+-------------------+---------------------------+----------------------+-----------------------+-------------+
|      245 |          0.75  |    22417 |                 0 |                         0 |             2.00259  | (11333, 12130, False) |    0.934295 |
+----------+----------------+----------+-------------------+---------------------------+----------------------+-----------------------+-------------+
|      270 |          0.125 |     4539 |                 0 |                         0 |             2.0001   | (11875, 12868, False) |    0.922832 |
+----------+----------------+----------+-------------------+---------------------------+----------------------+-----------------------+-------------+
|      270 |          0.25  |     9078 |                 0 |                         0 |             2.00331  | (12216, 13211, False) |    0.924684 |
+----------+----------------+----------+-------------------+---------------------------+----------------------+-----------------------+-------------+
|      270 |          0.5   |    18157 |                 0 |                         0 |             2.00389  | (12339, 13384, False) |    0.921922 |
+----------+----------------+----------+-------------------+---------------------------+----------------------+-----------------------+-------------+
|      270 |          0.75  |    27236 |                 0 |                         0 |             2.02031  | (12515, 13463, False) |    0.929585 |
+----------+----------------+----------+-------------------+---------------------------+----------------------+-----------------------+-------------+
|      295 |          0.125 |     5420 |                 0 |                         0 |             2.00396  | (13074, 14182, False) |    0.921873 |
+----------+----------------+----------+-------------------+---------------------------+----------------------+-----------------------+-------------+
|      295 |          0.25  |    10841 |                 0 |                         0 |             2.00178  | (13370, 14446, False) |    0.925516 |
+----------+----------------+----------+-------------------+---------------------------+----------------------+-----------------------+-------------+
|      295 |          0.5   |    21682 |                 0 |                         0 |             2.00046  | (13554, 14604, False) |    0.928102 |
+----------+----------------+----------+-------------------+---------------------------+----------------------+-----------------------+-------------+
|      295 |          0.75  |    32523 |                 0 |                         0 |             2.00508  | (13684, 14673, False) |    0.932597 |
+----------+----------------+----------+-------------------+---------------------------+----------------------+-----------------------+-------------+
|      320 |          0.125 |     6380 |                 0 |                         0 |             2.00218  | (14137, 15400, False) |    0.917987 |
+----------+----------------+----------+-------------------+---------------------------+----------------------+-----------------------+-------------+
|      320 |          0.25  |    12760 |                 0 |                         0 |             2.00624  | (14501, 15746, False) |    0.920932 |
+----------+----------------+----------+-------------------+---------------------------+----------------------+-----------------------+-------------+
|      320 |          0.5   |    25520 |                 0 |                         0 |             2.00059  | (14713, 15911, False) |    0.924706 |
+----------+----------------+----------+-------------------+---------------------------+----------------------+-----------------------+-------------+
|      320 |          0.75  |    38280 |                 0 |                         0 |             2.0168   | (14821, 15977, False) |    0.927646 |
+----------+----------------+----------+-------------------+---------------------------+----------------------+-----------------------+-------------+
|      345 |          0.125 |     7417 |                 0 |                         0 |             2.00547  | (15414, 16692, False) |    0.923436 |
+----------+----------------+----------+-------------------+---------------------------+----------------------+-----------------------+-------------+
|      345 |          0.25  |    14835 |                 0 |                         0 |             2.00029  | (15746, 16992, False) |    0.926671 |
+----------+----------------+----------+-------------------+---------------------------+----------------------+-----------------------+-------------+
|      345 |          0.5   |    29670 |                 0 |                         0 |             2.01874  | (15855, 17100, False) |    0.927193 |
+----------+----------------+----------+-------------------+---------------------------+----------------------+-----------------------+-------------+
|      345 |          0.75  |    44505 |                 0 |                         0 |             2.04639  | (15919, 17177, False) |    0.926763 |
+----------+----------------+----------+-------------------+---------------------------+----------------------+-----------------------+-------------+
|      370 |          0.125 |     8533 |                 0 |                         0 |             2.00524  | (16482, 17921, False) |    0.919703 |
+----------+----------------+----------+-------------------+---------------------------+----------------------+-----------------------+-------------+
|      370 |          0.25  |    17066 |                 0 |                         0 |             2.00209  | (16787, 18236, False) |    0.920542 |
+----------+----------------+----------+-------------------+---------------------------+----------------------+-----------------------+-------------+
|      370 |          0.5   |    34132 |                 0 |                         0 |             2.0114   | (17013, 18425, False) |    0.923365 |
+----------+----------------+----------+-------------------+---------------------------+----------------------+-----------------------+-------------+
|      370 |          0.75  |    51198 |                 0 |                         0 |             2.01906  | (17150, 18472, False) |    0.928432 |
+----------+----------------+----------+-------------------+---------------------------+----------------------+-----------------------+-------------+
|      395 |          0.125 |     9726 |                 0 |                         0 |             2.00256  | (17725, 19200, False) |    0.923177 |
+----------+----------------+----------+-------------------+---------------------------+----------------------+-----------------------+-------------+
|      395 |          0.25  |    19453 |                 0 |                         0 |             2.0094   | (18101, 19502, False) |    0.928161 |
+----------+----------------+----------+-------------------+---------------------------+----------------------+-----------------------+-------------+
|      395 |          0.5   |    38907 |                 0 |                         0 |             2.00281  | (18167, 19631, False) |    0.925424 |
+----------+----------------+----------+-------------------+---------------------------+----------------------+-----------------------+-------------+
|      395 |          0.75  |    58361 |                 0 |                         0 |             2.04582  | (18250, 19669, False) |    0.927856 |
+----------+----------------+----------+-------------------+---------------------------+----------------------+-----------------------+-------------+
|      420 |          0.125 |    10998 |                 0 |                         0 |             2.00022  | (18784, 20508, False) |    0.915935 |
+----------+----------------+----------+-------------------+---------------------------+----------------------+-----------------------+-------------+
|      420 |          0.25  |    21997 |                 0 |                         0 |             2.00056  | (19064, 20743, False) |    0.919057 |
+----------+----------------+----------+-------------------+---------------------------+----------------------+-----------------------+-------------+
|      420 |          0.5   |    43995 |                 0 |                         0 |             2.00098  | (19376, 20936, False) |    0.925487 |
+----------+----------------+----------+-------------------+---------------------------+----------------------+-----------------------+-------------+
|      420 |          0.75  |    65992 |                 0 |                         0 |             2.03382  | (19439, 20975, False) |    0.92677  |
+----------+----------------+----------+-------------------+---------------------------+----------------------+-----------------------+-------------+
|      445 |          0.125 |    12348 |                 0 |                         0 |             2.00301  | (19817, 21649, False) |    0.915377 |
+----------+----------------+----------+-------------------+---------------------------+----------------------+-----------------------+-------------+
|      445 |          0.25  |    24697 |                 0 |                         0 |             2.01771  | (20293, 22001, False) |    0.922367 |
+----------+----------------+----------+-------------------+---------------------------+----------------------+-----------------------+-------------+
|      445 |          0.5   |    49395 |                 0 |                         0 |             2.03188  | (20452, 22144, False) |    0.923591 |
+----------+----------------+----------+-------------------+---------------------------+----------------------+-----------------------+-------------+
|      445 |          0.75  |    74092 |                 0 |                         0 |             2.02553  | (20426, 22182, False) |    0.920837 |
+----------+----------------+----------+-------------------+---------------------------+----------------------+-----------------------+-------------+
|      470 |          0.125 |    13776 |                 0 |                         0 |             2.00028  | (20980, 22923, False) |    0.915238 |
+----------+----------------+----------+-------------------+---------------------------+----------------------+-----------------------+-------------+
|      470 |          0.25  |    27553 |                 0 |                         0 |             2.00055  | (21580, 23301, False) |    0.926141 |
+----------+----------------+----------+-------------------+---------------------------+----------------------+-----------------------+-------------+
|      470 |          0.5   |    55107 |                 0 |                         0 |             2.05133  | (21576, 23437, False) |    0.920596 |
+----------+----------------+----------+-------------------+---------------------------+----------------------+-----------------------+-------------+
|      470 |          0.75  |    82661 |                 0 |                         0 |             2.0155   | (21725, 23485, False) |    0.925059 |
+----------+----------------+----------+-------------------+---------------------------+----------------------+-----------------------+-------------+
|      495 |          0.125 |    15283 |                 0 |                         0 |             2.00134  | (22061, 24086, False) |    0.915926 |
+----------+----------------+----------+-------------------+---------------------------+----------------------+-----------------------+-------------+
|      495 |          0.25  |    30566 |                 0 |                         0 |             2.00192  | (22599, 24464, False) |    0.923766 |
+----------+----------------+----------+-------------------+---------------------------+----------------------+-----------------------+-------------+
|      495 |          0.5   |    61132 |                 0 |                         0 |             2.02716  | (22817, 24649, False) |    0.925676 |
+----------+----------------+----------+-------------------+---------------------------+----------------------+-----------------------+-------------+
|      495 |          0.75  |    91698 |                 0 |                         0 |             2.0487   | (22787, 24687, False) |    0.923036 |
+----------+----------------+----------+-------------------+---------------------------+----------------------+-----------------------+-------------+
|      520 |          0.125 |    16867 |                 0 |                         0 |             2.00393  | (23255, 25492, False) |    0.912247 |
+----------+----------------+----------+-------------------+---------------------------+----------------------+-----------------------+-------------+
|      520 |          0.25  |    33735 |                 0 |                         0 |             2.0095   | (23667, 25768, False) |    0.918465 |
+----------+----------------+----------+-------------------+---------------------------+----------------------+-----------------------+-------------+
|      520 |          0.5   |    67470 |                 0 |                         0 |             2.04525  | (23918, 25957, False) |    0.921447 |
+----------+----------------+----------+-------------------+---------------------------+----------------------+-----------------------+-------------+
|      520 |          0.75  |   101205 |                 0 |                         0 |             2.0498   | (23984, 25982, False) |    0.923101 |
+----------+----------------+----------+-------------------+---------------------------+----------------------+-----------------------+-------------+
|      545 |          0.125 |    18530 |                 0 |                         0 |             2.00278  | (24428, 26701, False) |    0.914872 |
+----------+----------------+----------+-------------------+---------------------------+----------------------+-----------------------+-------------+
|      545 |          0.25  |    37060 |                 0 |                         0 |             2.01748  | (24899, 27006, False) |    0.92198  |
+----------+----------------+----------+-------------------+---------------------------+----------------------+-----------------------+-------------+
|      545 |          0.5   |    74120 |                 0 |                         0 |             2.00201  | (24999, 27143, False) |    0.921011 |
+----------+----------------+----------+-------------------+---------------------------+----------------------+-----------------------+-------------+
|      545 |          0.75  |   111180 |                 0 |                         0 |             2.10864  | (25234, 27185, False) |    0.928232 |
+----------+----------------+----------+-------------------+---------------------------+----------------------+-----------------------+-------------+
|      570 |          0.125 |    20270 |                 0 |                         0 |             2.01166  | (25651, 27948, False) |    0.917812 |
+----------+----------------+----------+-------------------+---------------------------+----------------------+-----------------------+-------------+
|      570 |          0.25  |    40541 |                 0 |                         0 |             2.00089  | (25990, 28304, False) |    0.918245 |
+----------+----------------+----------+-------------------+---------------------------+----------------------+-----------------------+-------------+
|      570 |          0.5   |    81082 |                 0 |                         0 |             2.00182  | (26334, 28453, False) |    0.925526 |
+----------+----------------+----------+-------------------+---------------------------+----------------------+-----------------------+-------------+
|      570 |          0.75  |   121623 |                 0 |                         0 |             2.03286  | (26202, 28493, False) |    0.919594 |
+----------+----------------+----------+-------------------+---------------------------+----------------------+-----------------------+-------------+
|      595 |          0.125 |    22089 |                 0 |                         0 |             2.0121   | (26755, 29177, False) |    0.916989 |
+----------+----------------+----------+-------------------+---------------------------+----------------------+-----------------------+-------------+
|      595 |          0.25  |    44178 |                 0 |                         0 |             2.03401  | (27240, 29513, False) |    0.922983 |
+----------+----------------+----------+-------------------+---------------------------+----------------------+-----------------------+-------------+
|      595 |          0.5   |    88357 |                 0 |                         0 |             2.068    | (27357, 29664, False) |    0.922229 |
+----------+----------------+----------+-------------------+---------------------------+----------------------+-----------------------+-------------+
|      595 |          0.75  |   132536 |                 0 |                         0 |             2.00988  | (27544, 29699, False) |    0.927439 |
+----------+----------------+----------+-------------------+---------------------------+----------------------+-----------------------+-------------+
|      620 |          0.125 |    23986 |                 0 |                         0 |             2.00069  | (27976, 30485, False) |    0.917697 |
+----------+----------------+----------+-------------------+---------------------------+----------------------+-----------------------+-------------+
|      620 |          0.25  |    47972 |                 0 |                         0 |             2.00109  | (28272, 30826, False) |    0.917148 |
+----------+----------------+----------+-------------------+---------------------------+----------------------+-----------------------+-------------+
|      620 |          0.5   |    95945 |                 0 |                         0 |             2.03393  | (28426, 30965, False) |    0.918004 |
+----------+----------------+----------+-------------------+---------------------------+----------------------+-----------------------+-------------+
|      620 |          0.75  |   143917 |                 0 |                         0 |             2.13848  | (28609, 30998, False) |    0.922931 |
+----------+----------------+----------+-------------------+---------------------------+----------------------+-----------------------+-------------+
|      645 |          0.125 |    25961 |                 0 |                         0 |             2.00059  | (29097, 31716, False) |    0.917423 |
+----------+----------------+----------+-------------------+---------------------------+----------------------+-----------------------+-------------+
|      645 |          0.25  |    51922 |                 0 |                         0 |             2.03431  | (29456, 32017, False) |    0.920011 |
+----------+----------------+----------+-------------------+---------------------------+----------------------+-----------------------+-------------+
|      645 |          0.5   |   103845 |                 0 |                         0 |             2.01908  | (29627, 32160, False) |    0.921238 |
+----------+----------------+----------+-------------------+---------------------------+----------------------+-----------------------+-------------+
|      645 |          0.75  |   155767 |                 0 |                         0 |             2.01686  | (29652, 32194, False) |    0.921041 |
+----------+----------------+----------+-------------------+---------------------------+----------------------+-----------------------+-------------+
|      670 |          0.125 |    28014 |                 0 |                         0 |             2.00071  | (30180, 33009, False) |    0.914296 |
+----------+----------------+----------+-------------------+---------------------------+----------------------+-----------------------+-------------+
|      670 |          0.25  |    56028 |                 0 |                         0 |             2.03764  | (30531, 33344, False) |    0.915637 |
+----------+----------------+----------+-------------------+---------------------------+----------------------+-----------------------+-------------+
|      670 |          0.5   |   112057 |                 0 |                         0 |             2.00445  | (30992, 33475, False) |    0.925825 |
+----------+----------------+----------+-------------------+---------------------------+----------------------+-----------------------+-------------+
|      670 |          0.75  |   168086 |                 0 |                         0 |             2.0055   | (30857, 33494, False) |    0.921269 |
+----------+----------------+----------+-------------------+---------------------------+----------------------+-----------------------+-------------+
|      695 |          0.125 |    30145 |                 0 |                         0 |             2.00558  | (31346, 34160, False) |    0.917623 |
+----------+----------------+----------+-------------------+---------------------------+----------------------+-----------------------+-------------+
|      695 |          0.25  |    60291 |                 0 |                         0 |             2.00156  | (31768, 34543, False) |    0.919665 |
+----------+----------------+----------+-------------------+---------------------------+----------------------+-----------------------+-------------+
|      695 |          0.5   |   120582 |                 0 |                         0 |             2.02524  | (31914, 34673, False) |    0.920428 |
+----------+----------------+----------+-------------------+---------------------------+----------------------+-----------------------+-------------+
|      695 |          0.75  |   180873 |                 0 |                         0 |             2.09778  | (32039, 34697, False) |    0.923394 |
+----------+----------------+----------+-------------------+---------------------------+----------------------+-----------------------+-------------+
|      720 |          0.125 |    32355 |                 0 |                         0 |             2.023    | (32567, 35532, False) |    0.916554 |
+----------+----------------+----------+-------------------+---------------------------+----------------------+-----------------------+-------------+
|      720 |          0.25  |    64710 |                 0 |                         0 |             2.00216  | (32890, 35826, False) |    0.918048 |
+----------+----------------+----------+-------------------+---------------------------+----------------------+-----------------------+-------------+
|      720 |          0.5   |   129420 |                 0 |                         0 |             2.07231  | (33141, 35979, False) |    0.921121 |
+----------+----------------+----------+-------------------+---------------------------+----------------------+-----------------------+-------------+
|      720 |          0.75  |   194130 |                 0 |                         0 |             2.01048  | (33199, 35998, False) |    0.922246 |
+----------+----------------+----------+-------------------+---------------------------+----------------------+-----------------------+-------------+
|      745 |          0.125 |    34642 |                 0 |                         0 |             2.02839  | (33589, 36720, False) |    0.914733 |
+----------+----------------+----------+-------------------+---------------------------+----------------------+-----------------------+-------------+
|      745 |          0.25  |    69285 |                 0 |                         0 |             2.0643   | (33986, 37025, False) |    0.91792  |
+----------+----------------+----------+-------------------+---------------------------+----------------------+-----------------------+-------------+
|      745 |          0.5   |   138570 |                 0 |                         0 |             2.0548   | (34250, 37180, False) |    0.921194 |
+----------+----------------+----------+-------------------+---------------------------+----------------------+-----------------------+-------------+
|      745 |          0.75  |   207855 |                 0 |                         0 |             2.14931  | (34161, 37198, False) |    0.918356 |
+----------+----------------+----------+-------------------+---------------------------+----------------------+-----------------------+-------------+
|      770 |          0.125 |    37008 |                 0 |                         0 |             2.02432  | (34813, 37978, False) |    0.916662 |
+----------+----------------+----------+-------------------+---------------------------+----------------------+-----------------------+-------------+
|      770 |          0.25  |    74016 |                 0 |                         0 |             2.00165  | (35170, 38344, False) |    0.917223 |
+----------+----------------+----------+-------------------+---------------------------+----------------------+-----------------------+-------------+
|      770 |          0.5   |   148032 |                 0 |                         0 |             2.06983  | (35417, 38478, False) |    0.920448 |
+----------+----------------+----------+-------------------+---------------------------+----------------------+-----------------------+-------------+
|      770 |          0.75  |   222048 |                 0 |                         0 |             2.09224  | (35326, 38499, False) |    0.917582 |
+----------+----------------+----------+-------------------+---------------------------+----------------------+-----------------------+-------------+
|      795 |          0.125 |    39451 |                 0 |                         0 |             2.01351  | (35881, 39245, False) |    0.914282 |
+----------+----------------+----------+-------------------+---------------------------+----------------------+-----------------------+-------------+
|      795 |          0.25  |    78903 |                 0 |                         0 |             2.00248  | (36315, 39567, False) |    0.91781  |
+----------+----------------+----------+-------------------+---------------------------+----------------------+-----------------------+-------------+
|      795 |          0.5   |   157807 |                 0 |                         0 |             2.20937  | (36440, 39678, False) |    0.918393 |
+----------+----------------+----------+-------------------+---------------------------+----------------------+-----------------------+-------------+
|      795 |          0.75  |   236711 |                 0 |                         0 |             2.28327  | (36574, 39700, False) |    0.921259 |
+----------+----------------+----------+-------------------+---------------------------+----------------------+-----------------------+-------------+
|      820 |          0.125 |    41973 |                 0 |                         0 |             2.00252  | (36984, 40550, False) |    0.912059 |
+----------+----------------+----------+-------------------+---------------------------+----------------------+-----------------------+-------------+
|      820 |          0.25  |    83947 |                 0 |                         0 |             2.06446  | (37597, 40869, False) |    0.919939 |
+----------+----------------+----------+-------------------+---------------------------+----------------------+-----------------------+-------------+
|      820 |          0.5   |   167895 |                 0 |                         0 |             2.11406  | (37945, 40983, False) |    0.925872 |
+----------+----------------+----------+-------------------+---------------------------+----------------------+-----------------------+-------------+
|      820 |          0.75  |   251842 |                 0 |                         0 |             2.00766  | (37766, 40998, False) |    0.921167 |
+----------+----------------+----------+-------------------+---------------------------+----------------------+-----------------------+-------------+
|      845 |          0.125 |    44573 |                 0 |                         0 |             2.04487  | (38194, 41742, False) |    0.915002 |
+----------+----------------+----------+-------------------+---------------------------+----------------------+-----------------------+-------------+
|      845 |          0.25  |    89147 |                 0 |                         0 |             2.00338  | (38496, 42065, False) |    0.915155 |
+----------+----------------+----------+-------------------+---------------------------+----------------------+-----------------------+-------------+
|      845 |          0.5   |   178295 |                 0 |                         0 |             2.23016  | (38891, 42193, False) |    0.921741 |
+----------+----------------+----------+-------------------+---------------------------+----------------------+-----------------------+-------------+
|      845 |          0.75  |   267442 |                 0 |                         0 |             2.09938  | (38576, 42200, False) |    0.914123 |
+----------+----------------+----------+-------------------+---------------------------+----------------------+-----------------------+-------------+
|      870 |          0.125 |    47251 |                 0 |                         0 |             2.04008  | (39304, 43050, False) |    0.912985 |
+----------+----------------+----------+-------------------+---------------------------+----------------------+-----------------------+-------------+
|      870 |          0.25  |    94503 |                 0 |                         0 |             2.05065  | (39789, 43361, False) |    0.917622 |
+----------+----------------+----------+-------------------+---------------------------+----------------------+-----------------------+-------------+
|      870 |          0.5   |   189007 |                 0 |                         0 |             2.0676   | (39949, 43483, False) |    0.918727 |
+----------+----------------+----------+-------------------+---------------------------+----------------------+-----------------------+-------------+
|      870 |          0.75  |   283511 |                 0 |                         0 |             2.27144  | (39945, 43500, False) |    0.918276 |
+----------+----------------+----------+-------------------+---------------------------+----------------------+-----------------------+-------------+
|      895 |          0.125 |    50008 |                 0 |                         0 |             2.00207  | (40446, 44223, False) |    0.914592 |
+----------+----------------+----------+-------------------+---------------------------+----------------------+-----------------------+-------------+
|      895 |          0.25  |   100016 |                 0 |                         0 |             2.05506  | (40975, 44563, False) |    0.919485 |
+----------+----------------+----------+-------------------+---------------------------+----------------------+-----------------------+-------------+
|      895 |          0.5   |   200032 |                 0 |                         0 |             2.15694  | (41016, 44691, False) |    0.917769 |
+----------+----------------+----------+-------------------+---------------------------+----------------------+-----------------------+-------------+
|      895 |          0.75  |   300048 |                 0 |                         0 |             2.00778  | (41231, 44700, False) |    0.922394 |
+----------+----------------+----------+-------------------+---------------------------+----------------------+-----------------------+-------------+
|      920 |          0.125 |    52842 |                 0 |                         0 |             2.00283  | (41560, 45547, False) |    0.912464 |
+----------+----------------+----------+-------------------+---------------------------+----------------------+-----------------------+-------------+
|      920 |          0.25  |   105685 |                 0 |                         0 |             2.04869  | (42100, 45876, False) |    0.917691 |
+----------+----------------+----------+-------------------+---------------------------+----------------------+-----------------------+-------------+
|      920 |          0.5   |   211370 |                 0 |                         0 |             2.1425   | (42126, 45993, False) |    0.915922 |
+----------+----------------+----------+-------------------+---------------------------+----------------------+-----------------------+-------------+
|      920 |          0.75  |   317055 |                 0 |                         0 |             2.00894  | (42214, 46000, False) |    0.917696 |
+----------+----------------+----------+-------------------+---------------------------+----------------------+-----------------------+-------------+
|      945 |          0.125 |    55755 |                 0 |                         0 |             2.03739  | (42825, 46826, False) |    0.914556 |
+----------+----------------+----------+-------------------+---------------------------+----------------------+-----------------------+-------------+
|      945 |          0.25  |   111510 |                 0 |                         0 |             2.06202  | (43170, 47084, False) |    0.916872 |
+----------+----------------+----------+-------------------+---------------------------+----------------------+-----------------------+-------------+
|      945 |          0.5   |   223020 |                 0 |                         0 |             2.00601  | (43438, 47194, False) |    0.920414 |
+----------+----------------+----------+-------------------+---------------------------+----------------------+-----------------------+-------------+
|      945 |          0.75  |   334530 |                 0 |                         0 |             2.01005  | (43225, 47200, False) |    0.915784 |
+----------+----------------+----------+-------------------+---------------------------+----------------------+-----------------------+-------------+
|      970 |          0.125 |    58745 |                 0 |                         0 |             2.06567  | (43747, 48103, False) |    0.909444 |
+----------+----------------+----------+-------------------+---------------------------+----------------------+-----------------------+-------------+
|      970 |          0.25  |   117491 |                 0 |                         0 |             2.07734  | (44369, 48363, False) |    0.917416 |
+----------+----------------+----------+-------------------+---------------------------+----------------------+-----------------------+-------------+
|      970 |          0.5   |   234982 |                 0 |                         0 |             2.00979  | (44361, 48482, False) |    0.914999 |
+----------+----------------+----------+-------------------+---------------------------+----------------------+-----------------------+-------------+
|      970 |          0.75  |   352473 |                 0 |                         0 |             2.17172  | (44481, 48499, False) |    0.917153 |
+----------+----------------+----------+-------------------+---------------------------+----------------------+-----------------------+-------------+
|      995 |          0.125 |    61814 |                 0 |                         0 |             2.00532  | (45011, 49322, False) |    0.912595 |
+----------+----------------+----------+-------------------+---------------------------+----------------------+-----------------------+-------------+
|      995 |          0.25  |   123628 |                 0 |                         0 |             2.11463  | (45568, 49598, False) |    0.918747 |
+----------+----------------+----------+-------------------+---------------------------+----------------------+-----------------------+-------------+
|      995 |          0.5   |   247257 |                 0 |                         0 |             2.00572  | (45784, 49694, False) |    0.921318 |
+----------+----------------+----------+-------------------+---------------------------+----------------------+-----------------------+-------------+
|      995 |          0.75  |   370886 |                 0 |                         0 |             2.00905  | (45659, 49700, False) |    0.918692 |
+----------+----------------+----------+-------------------+---------------------------+----------------------+-----------------------+-------------+
Correct results: 4 of 160
Mean Precision: 0.9277984308724306