+----------+----------------+----------+-------------------+---------------------------+----------------------+---------------------+-------------+
|   #Nodes |   Edge Density |   #Edges |   #Subsets Tested |   #is_matching operations |   Execution Time (s) | isExpectedResult    |   Precision |
+==========+================+==========+===================+===========================+======================+=====================+=============+
|       20 |          0.125 |       23 |                 0 |                         0 |            0.0516314 | (644, 644, True)    |    1        |
+----------+----------------+----------+-------------------+---------------------------+----------------------+---------------------+-------------+
|       20 |          0.25  |       47 |                 0 |                         0 |            0.0935352 | (687, 694, False)   |    0.989914 |
+----------+----------------+----------+-------------------+---------------------------+----------------------+---------------------+-------------+
|       20 |          0.5   |       95 |                 0 |                         0 |            0.175928  | (789, 878, False)   |    0.898633 |
+----------+----------------+----------+-------------------+---------------------------+----------------------+---------------------+-------------+
|       20 |          0.75  |      142 |                 0 |                         0 |            0.255372  | (829, 900, False)   |    0.921111 |
+----------+----------------+----------+-------------------+---------------------------+----------------------+---------------------+-------------+
|       45 |          0.125 |      123 |                 0 |                         0 |            0.271641  | (1552, 1792, False) |    0.866071 |
+----------+----------------+----------+-------------------+---------------------------+----------------------+---------------------+-------------+
|       45 |          0.25  |      247 |                 0 |                         0 |            0.543011  | (1621, 1926, False) |    0.841641 |
+----------+----------------+----------+-------------------+---------------------------+----------------------+---------------------+-------------+
|       45 |          0.5   |      495 |                 0 |                         0 |            1.22183   | (1608, 2056, False) |    0.782101 |
+----------+----------------+----------+-------------------+---------------------------+----------------------+---------------------+-------------+
|       45 |          0.75  |      742 |                 0 |                         0 |            1.5489    | (1539, 2124, False) |    0.724576 |
+----------+----------------+----------+-------------------+---------------------------+----------------------+---------------------+-------------+
|       70 |          0.125 |      301 |                 0 |                         0 |            0.59105   | (2107, 2721, False) |    0.774348 |
+----------+----------------+----------+-------------------+---------------------------+----------------------+---------------------+-------------+
|       70 |          0.25  |      603 |                 0 |                         0 |            1.23514   | (2339, 3271, False) |    0.715072 |
+----------+----------------+----------+-------------------+---------------------------+----------------------+---------------------+-------------+
|       70 |          0.5   |     1207 |                 0 |                         0 |            2.51212   | (2376, 3317, False) |    0.71631  |
+----------+----------------+----------+-------------------+---------------------------+----------------------+---------------------+-------------+
|       70 |          0.75  |     1811 |                 0 |                         0 |            4.0598    | (2325, 3393, False) |    0.685234 |
+----------+----------------+----------+-------------------+---------------------------+----------------------+---------------------+-------------+
|       95 |          0.125 |      558 |                 0 |                         0 |            1.17344   | (2868, 4203, False) |    0.68237  |
+----------+----------------+----------+-------------------+---------------------------+----------------------+---------------------+-------------+
|       95 |          0.25  |     1116 |                 0 |                         0 |            2.59412   | (3036, 4437, False) |    0.684246 |
+----------+----------------+----------+-------------------+---------------------------+----------------------+---------------------+-------------+
|       95 |          0.5   |     2232 |                 0 |                         0 |            4.80135   | (3144, 4586, False) |    0.685565 |
+----------+----------------+----------+-------------------+---------------------------+----------------------+---------------------+-------------+
|       95 |          0.75  |     3348 |                 0 |                         0 |            7.44998   | (3129, 4620, False) |    0.677273 |
+----------+----------------+----------+-------------------+---------------------------+----------------------+---------------------+-------------+
|      120 |          0.125 |      892 |                 0 |                         0 |            1.9151    | (3598, 5444, False) |    0.660911 |
+----------+----------------+----------+-------------------+---------------------------+----------------------+---------------------+-------------+
|      120 |          0.25  |     1785 |                 0 |                         0 |            4.22748   | (3726, 5647, False) |    0.659819 |
+----------+----------------+----------+-------------------+---------------------------+----------------------+---------------------+-------------+
|      120 |          0.5   |     3570 |                 0 |                         0 |            8.06373   | (3831, 5842, False) |    0.655769 |
+----------+----------------+----------+-------------------+---------------------------+----------------------+---------------------+-------------+
|      120 |          0.75  |     5355 |                 0 |                         0 |           11.5526    | (3770, 5929, False) |    0.635858 |
+----------+----------------+----------+-------------------+---------------------------+----------------------+---------------------+-------------+
|      145 |          0.125 |     1305 |                 0 |                         0 |            2.85946   | (4389, 6695, False) |    0.655564 |
+----------+----------------+----------+-------------------+---------------------------+----------------------+---------------------+-------------+
|      145 |          0.25  |     2610 |                 0 |                         0 |            5.85695   | (4499, 6906, False) |    0.651462 |
+----------+----------------+----------+-------------------+---------------------------+----------------------+---------------------+-------------+
|      145 |          0.5   |     5220 |                 0 |                         0 |           11.6655    | (4572, 7089, False) |    0.644943 |
+----------+----------------+----------+-------------------+---------------------------+----------------------+---------------------+-------------+
|      145 |          0.75  |     7830 |                 0 |                         0 |           18.3963    | (4538, 7141, False) |    0.635485 |
+----------+----------------+----------+-------------------+---------------------------+----------------------+---------------------+-------------+
|      170 |          0.125 |     1795 |                 0 |                         0 |            4.52522   | (5133, 7937, False) |    0.646718 |
+----------+----------------+----------+-------------------+---------------------------+----------------------+---------------------+-------------+
|      170 |          0.25  |     3591 |                 0 |                         0 |            8.59865   | (5192, 8194, False) |    0.633634 |
+----------+----------------+----------+-------------------+---------------------------+----------------------+---------------------+-------------+
|      170 |          0.5   |     7182 |                 0 |                         0 |           16.086     | (5339, 8397, False) |    0.635822 |
+----------+----------------+----------+-------------------+---------------------------+----------------------+---------------------+-------------+
|      170 |          0.75  |    10773 |                 0 |                         0 |           27.4551    | (5139, 8430, False) |    0.609609 |
+----------+----------------+----------+-------------------+---------------------------+----------------------+---------------------+-------------+
|      195 |          0.125 |     2364 |                 0 |                         0 |            7.85889   | (5758, 9104, False) |    0.632469 |
+----------+----------------+----------+-------------------+---------------------------+----------------------+---------------------+-------------+
|      195 |          0.25  |     4728 |                 0 |                         0 |           14.1337    | (5942, 9407, False) |    0.631657 |
+----------+----------------+----------+-------------------+---------------------------+----------------------+---------------------+-------------+
|      195 |          0.5   |     9457 |                 0 |                         0 |           24.2478    | (5917, 9590, False) |    0.616997 |
+----------+----------------+----------+-------------------+---------------------------+----------------------+---------------------+-------------+
Correct results: 1 of 31
Mean Precision: 0.7177800714195715