+----------+----------------+----------+-------------------+---------------------------+----------------------+-----------------------+-------------+
|   #Nodes |   Edge Density |   #Edges |   #Subsets Tested |   #is_matching operations |   Execution Time (s) | isExpectedResult      |   Precision |
+==========+================+==========+===================+===========================+======================+=======================+=============+
|       20 |          0.125 |       23 |                 0 |                         0 |          0.000132933 | (580, 644, False)     |    0.900621 |
+----------+----------------+----------+-------------------+---------------------------+----------------------+-----------------------+-------------+
|       20 |          0.25  |       47 |                 0 |                         0 |          8.5313e-05  | (491, 694, False)     |    0.707493 |
+----------+----------------+----------+-------------------+---------------------------+----------------------+-----------------------+-------------+
|       20 |          0.5   |       95 |                 0 |                         0 |          0.000126858 | (576, 878, False)     |    0.656036 |
+----------+----------------+----------+-------------------+---------------------------+----------------------+-----------------------+-------------+
|       20 |          0.75  |      142 |                 0 |                         0 |          0.00017559  | (786, 900, False)     |    0.873333 |
+----------+----------------+----------+-------------------+---------------------------+----------------------+-----------------------+-------------+
|       45 |          0.125 |      123 |                 0 |                         0 |          0.000173937 | (1305, 1792, False)   |    0.728237 |
+----------+----------------+----------+-------------------+---------------------------+----------------------+-----------------------+-------------+
|       45 |          0.25  |      247 |                 0 |                         0 |          0.00030869  | (1169, 1926, False)   |    0.606957 |
+----------+----------------+----------+-------------------+---------------------------+----------------------+-----------------------+-------------+
|       45 |          0.5   |      495 |                 0 |                         0 |          0.000608574 | (1482, 2056, False)   |    0.720817 |
+----------+----------------+----------+-------------------+---------------------------+----------------------+-----------------------+-------------+
|       45 |          0.75  |      742 |                 0 |                         0 |          0.0010769   | (1775, 2124, False)   |    0.835687 |
+----------+----------------+----------+-------------------+---------------------------+----------------------+-----------------------+-------------+
|       70 |          0.125 |      301 |                 0 |                         0 |          0.000422841 | (1751, 2721, False)   |    0.643513 |
+----------+----------------+----------+-------------------+---------------------------+----------------------+-----------------------+-------------+
|       70 |          0.25  |      603 |                 0 |                         0 |          0.000815279 | (2414, 3271, False)   |    0.738001 |
+----------+----------------+----------+-------------------+---------------------------+----------------------+-----------------------+-------------+
|       70 |          0.5   |     1207 |                 0 |                         0 |          0.00144657  | (2663, 3317, False)   |    0.802834 |
+----------+----------------+----------+-------------------+---------------------------+----------------------+-----------------------+-------------+
|       70 |          0.75  |     1811 |                 0 |                         0 |          0.0020681   | (2754, 3393, False)   |    0.811671 |
+----------+----------------+----------+-------------------+---------------------------+----------------------+-----------------------+-------------+
|       95 |          0.125 |      558 |                 0 |                         0 |          0.00133534  | (3336, 4203, False)   |    0.793719 |
+----------+----------------+----------+-------------------+---------------------------+----------------------+-----------------------+-------------+
|       95 |          0.25  |     1116 |                 0 |                         0 |          0.00126631  | (3310, 4437, False)   |    0.746    |
+----------+----------------+----------+-------------------+---------------------------+----------------------+-----------------------+-------------+
|       95 |          0.5   |     2232 |                 0 |                         0 |          0.00252161  | (3925, 4586, False)   |    0.855866 |
+----------+----------------+----------+-------------------+---------------------------+----------------------+-----------------------+-------------+
|       95 |          0.75  |     3348 |                 0 |                         0 |          0.00438975  | (4040, 4620, False)   |    0.874459 |
+----------+----------------+----------+-------------------+---------------------------+----------------------+-----------------------+-------------+
|      120 |          0.125 |      892 |                 0 |                         0 |          0.000949033 | (3968, 5444, False)   |    0.728876 |
+----------+----------------+----------+-------------------+---------------------------+----------------------+-----------------------+-------------+
|      120 |          0.25  |     1785 |                 0 |                         0 |          0.00191364  | (4406, 5647, False)   |    0.780237 |
+----------+----------------+----------+-------------------+---------------------------+----------------------+-----------------------+-------------+
|      120 |          0.5   |     3570 |                 0 |                         0 |          0.00391426  | (5089, 5842, False)   |    0.871106 |
+----------+----------------+----------+-------------------+---------------------------+----------------------+-----------------------+-------------+
|      120 |          0.75  |     5355 |                 0 |                         0 |          0.00571386  | (5261, 5929, False)   |    0.887333 |
+----------+----------------+----------+-------------------+---------------------------+----------------------+-----------------------+-------------+
|      145 |          0.125 |     1305 |                 0 |                         0 |          0.00145355  | (5250, 6695, False)   |    0.784167 |
+----------+----------------+----------+-------------------+---------------------------+----------------------+-----------------------+-------------+
|      145 |          0.25  |     2610 |                 0 |                         0 |          0.00290989  | (5707, 6906, False)   |    0.826383 |
+----------+----------------+----------+-------------------+---------------------------+----------------------+-----------------------+-------------+
|      145 |          0.5   |     5220 |                 0 |                         0 |          0.00796137  | (6539, 7089, False)   |    0.922415 |
+----------+----------------+----------+-------------------+---------------------------+----------------------+-----------------------+-------------+
|      145 |          0.75  |     7830 |                 0 |                         0 |          0.00929861  | (6439, 7141, False)   |    0.901694 |
+----------+----------------+----------+-------------------+---------------------------+----------------------+-----------------------+-------------+
|      170 |          0.125 |     1795 |                 0 |                         0 |          0.00204676  | (6025, 7937, False)   |    0.759103 |
+----------+----------------+----------+-------------------+---------------------------+----------------------+-----------------------+-------------+
|      170 |          0.25  |     3591 |                 0 |                         0 |          0.00413904  | (6813, 8194, False)   |    0.831462 |
+----------+----------------+----------+-------------------+---------------------------+----------------------+-----------------------+-------------+
|      170 |          0.5   |     7182 |                 0 |                         0 |          0.00877885  | (7220, 8397, False)   |    0.859831 |
+----------+----------------+----------+-------------------+---------------------------+----------------------+-----------------------+-------------+
|      170 |          0.75  |    10773 |                 0 |                         0 |          0.0129692   | (7620, 8430, False)   |    0.903915 |
+----------+----------------+----------+-------------------+---------------------------+----------------------+-----------------------+-------------+
|      195 |          0.125 |     2364 |                 0 |                         0 |          0.00272928  | (7225, 9104, False)   |    0.793607 |
+----------+----------------+----------+-------------------+---------------------------+----------------------+-----------------------+-------------+
|      195 |          0.25  |     4728 |                 0 |                         0 |          0.00547537  | (7691, 9407, False)   |    0.817583 |
+----------+----------------+----------+-------------------+---------------------------+----------------------+-----------------------+-------------+
|      195 |          0.5   |     9457 |                 0 |                         0 |          0.0115282   | (8464, 9590, False)   |    0.882586 |
+----------+----------------+----------+-------------------+---------------------------+----------------------+-----------------------+-------------+
|      195 |          0.75  |    14186 |                 0 |                         0 |          0.0181661   | (8869, 9649, False)   |    0.919163 |
+----------+----------------+----------+-------------------+---------------------------+----------------------+-----------------------+-------------+
|      220 |          0.125 |     3011 |                 0 |                         0 |          0.00346179  | (8192, 10408, False)  |    0.787087 |
+----------+----------------+----------+-------------------+---------------------------+----------------------+-----------------------+-------------+
|      220 |          0.25  |     6022 |                 0 |                         0 |          0.00739157  | (9149, 10750, False)  |    0.85107  |
+----------+----------------+----------+-------------------+---------------------------+----------------------+-----------------------+-------------+
|      220 |          0.5   |    12045 |                 0 |                         0 |          0.0163557   | (9529, 10856, False)  |    0.877763 |
+----------+----------------+----------+-------------------+---------------------------+----------------------+-----------------------+-------------+
|      220 |          0.75  |    18067 |                 0 |                         0 |          0.0230452   | (10042, 10933, False) |    0.918504 |
+----------+----------------+----------+-------------------+---------------------------+----------------------+-----------------------+-------------+
|      245 |          0.125 |     3736 |                 0 |                         0 |          0.00414885  | (9100, 11644, False)  |    0.781518 |
+----------+----------------+----------+-------------------+---------------------------+----------------------+-----------------------+-------------+
|      245 |          0.25  |     7472 |                 0 |                         0 |          0.0175314   | (10156, 11950, False) |    0.849874 |
+----------+----------------+----------+-------------------+---------------------------+----------------------+-----------------------+-------------+
|      245 |          0.5   |    14945 |                 0 |                         0 |          0.0192198   | (10860, 12089, False) |    0.898337 |
+----------+----------------+----------+-------------------+---------------------------+----------------------+-----------------------+-------------+
|      245 |          0.75  |    22417 |                 0 |                         0 |          0.0274684   | (11391, 12130, False) |    0.939077 |
+----------+----------------+----------+-------------------+---------------------------+----------------------+-----------------------+-------------+
|      270 |          0.125 |     4539 |                 0 |                         0 |          0.00530111  | (9930, 12868, False)  |    0.771682 |
+----------+----------------+----------+-------------------+---------------------------+----------------------+-----------------------+-------------+
|      270 |          0.25  |     9078 |                 0 |                         0 |          0.0112128   | (11464, 13211, False) |    0.867762 |
+----------+----------------+----------+-------------------+---------------------------+----------------------+-----------------------+-------------+
|      270 |          0.5   |    18157 |                 0 |                         0 |          0.0209225   | (12226, 13384, False) |    0.913479 |
+----------+----------------+----------+-------------------+---------------------------+----------------------+-----------------------+-------------+
|      270 |          0.75  |    27236 |                 0 |                         0 |          0.0360878   | (12607, 13463, False) |    0.936418 |
+----------+----------------+----------+-------------------+---------------------------+----------------------+-----------------------+-------------+
|      295 |          0.125 |     5420 |                 0 |                         0 |          0.00741735  | (11486, 14182, False) |    0.8099   |
+----------+----------------+----------+-------------------+---------------------------+----------------------+-----------------------+-------------+
|      295 |          0.25  |    10841 |                 0 |                         0 |          0.0147632   | (12541, 14446, False) |    0.86813  |
+----------+----------------+----------+-------------------+---------------------------+----------------------+-----------------------+-------------+
|      295 |          0.5   |    21682 |                 0 |                         0 |          0.029214    | (13540, 14604, False) |    0.927143 |
+----------+----------------+----------+-------------------+---------------------------+----------------------+-----------------------+-------------+
|      295 |          0.75  |    32523 |                 0 |                         0 |          0.0418879   | (13622, 14673, False) |    0.928372 |
+----------+----------------+----------+-------------------+---------------------------+----------------------+-----------------------+-------------+
|      320 |          0.125 |     6380 |                 0 |                         0 |          0.00815315  | (12404, 15400, False) |    0.805455 |
+----------+----------------+----------+-------------------+---------------------------+----------------------+-----------------------+-------------+
|      320 |          0.25  |    12760 |                 0 |                         0 |          0.0176017   | (13907, 15746, False) |    0.883208 |
+----------+----------------+----------+-------------------+---------------------------+----------------------+-----------------------+-------------+
|      320 |          0.5   |    25520 |                 0 |                         0 |          0.0334409   | (14669, 15911, False) |    0.921941 |
+----------+----------------+----------+-------------------+---------------------------+----------------------+-----------------------+-------------+
|      320 |          0.75  |    38280 |                 0 |                         0 |          0.0501689   | (14911, 15977, False) |    0.933279 |
+----------+----------------+----------+-------------------+---------------------------+----------------------+-----------------------+-------------+
|      345 |          0.125 |     7417 |                 0 |                         0 |          0.00981973  | (13551, 16692, False) |    0.811826 |
+----------+----------------+----------+-------------------+---------------------------+----------------------+-----------------------+-------------+
|      345 |          0.25  |    14835 |                 0 |                         0 |          0.0212673   | (14741, 16992, False) |    0.867526 |
+----------+----------------+----------+-------------------+---------------------------+----------------------+-----------------------+-------------+
|      345 |          0.5   |    29670 |                 0 |                         0 |          0.0397877   | (15998, 17100, False) |    0.935556 |
+----------+----------------+----------+-------------------+---------------------------+----------------------+-----------------------+-------------+
|      345 |          0.75  |    44505 |                 0 |                         0 |          0.0594546   | (16125, 17177, False) |    0.938755 |
+----------+----------------+----------+-------------------+---------------------------+----------------------+-----------------------+-------------+
|      370 |          0.125 |     8533 |                 0 |                         0 |          0.0119559   | (14545, 17921, False) |    0.811618 |
+----------+----------------+----------+-------------------+---------------------------+----------------------+-----------------------+-------------+
|      370 |          0.25  |    17066 |                 0 |                         0 |          0.0204544   | (15857, 18236, False) |    0.869544 |
+----------+----------------+----------+-------------------+---------------------------+----------------------+-----------------------+-------------+
|      370 |          0.5   |    34132 |                 0 |                         0 |          0.0474922   | (17073, 18425, False) |    0.926621 |
+----------+----------------+----------+-------------------+---------------------------+----------------------+-----------------------+-------------+
|      370 |          0.75  |    51198 |                 0 |                         0 |          0.0684433   | (17311, 18472, False) |    0.937148 |
+----------+----------------+----------+-------------------+---------------------------+----------------------+-----------------------+-------------+
|      395 |          0.125 |     9726 |                 0 |                         0 |          0.0137758   | (16042, 19200, False) |    0.835521 |
+----------+----------------+----------+-------------------+---------------------------+----------------------+-----------------------+-------------+
|      395 |          0.25  |    19453 |                 0 |                         0 |          0.026439    | (17264, 19502, False) |    0.885243 |
+----------+----------------+----------+-------------------+---------------------------+----------------------+-----------------------+-------------+
|      395 |          0.5   |    38907 |                 0 |                         0 |          0.052551    | (18379, 19631, False) |    0.936223 |
+----------+----------------+----------+-------------------+---------------------------+----------------------+-----------------------+-------------+
|      395 |          0.75  |    58361 |                 0 |                         0 |          0.0782211   | (18872, 19669, False) |    0.959479 |
+----------+----------------+----------+-------------------+---------------------------+----------------------+-----------------------+-------------+
|      420 |          0.125 |    10998 |                 0 |                         0 |          0.0155755   | (16749, 20508, False) |    0.816706 |
+----------+----------------+----------+-------------------+---------------------------+----------------------+-----------------------+-------------+
|      420 |          0.25  |    21997 |                 0 |                         0 |          0.0295678   | (18436, 20743, False) |    0.888782 |
+----------+----------------+----------+-------------------+---------------------------+----------------------+-----------------------+-------------+
|      420 |          0.5   |    43995 |                 0 |                         0 |          0.0575497   | (19397, 20936, False) |    0.92649  |
+----------+----------------+----------+-------------------+---------------------------+----------------------+-----------------------+-------------+
|      420 |          0.75  |    65992 |                 0 |                         0 |          0.0885872   | (19962, 20975, False) |    0.951704 |
+----------+----------------+----------+-------------------+---------------------------+----------------------+-----------------------+-------------+
|      445 |          0.125 |    12348 |                 0 |                         0 |          0.0198149   | (18158, 21649, False) |    0.838745 |
+----------+----------------+----------+-------------------+---------------------------+----------------------+-----------------------+-------------+
|      445 |          0.25  |    24697 |                 0 |                         0 |          0.0299325   | (19670, 22001, False) |    0.89405  |
+----------+----------------+----------+-------------------+---------------------------+----------------------+-----------------------+-------------+
|      445 |          0.5   |    49395 |                 0 |                         0 |          0.0688385   | (20748, 22144, False) |    0.936958 |
+----------+----------------+----------+-------------------+---------------------------+----------------------+-----------------------+-------------+
|      445 |          0.75  |    74092 |                 0 |                         0 |          0.106098    | (21145, 22182, False) |    0.95325  |
+----------+----------------+----------+-------------------+---------------------------+----------------------+-----------------------+-------------+
|      470 |          0.125 |    13776 |                 0 |                         0 |          0.0228035   | (19239, 22923, False) |    0.839288 |
+----------+----------------+----------+-------------------+---------------------------+----------------------+-----------------------+-------------+
|      470 |          0.25  |    27553 |                 0 |                         0 |          0.0380007   | (20897, 23301, False) |    0.896828 |
+----------+----------------+----------+-------------------+---------------------------+----------------------+-----------------------+-------------+
|      470 |          0.5   |    55107 |                 0 |                         0 |          0.0745827   | (21970, 23437, False) |    0.937407 |
+----------+----------------+----------+-------------------+---------------------------+----------------------+-----------------------+-------------+
|      470 |          0.75  |    82661 |                 0 |                         0 |          0.116704    | (22372, 23485, False) |    0.952608 |
+----------+----------------+----------+-------------------+---------------------------+----------------------+-----------------------+-------------+
|      495 |          0.125 |    15283 |                 0 |                         0 |          0.0210719   | (20181, 24086, False) |    0.837873 |
+----------+----------------+----------+-------------------+---------------------------+----------------------+-----------------------+-------------+
|      495 |          0.25  |    30566 |                 0 |                         0 |          0.0435659   | (22420, 24464, False) |    0.916449 |
+----------+----------------+----------+-------------------+---------------------------+----------------------+-----------------------+-------------+
|      495 |          0.5   |    61132 |                 0 |                         0 |          0.079318    | (23060, 24649, False) |    0.935535 |
+----------+----------------+----------+-------------------+---------------------------+----------------------+-----------------------+-------------+
|      495 |          0.75  |    91698 |                 0 |                         0 |          0.127531    | (23543, 24687, False) |    0.95366  |
+----------+----------------+----------+-------------------+---------------------------+----------------------+-----------------------+-------------+
|      520 |          0.125 |    16867 |                 0 |                         0 |          0.026674    | (22144, 25492, False) |    0.868665 |
+----------+----------------+----------+-------------------+---------------------------+----------------------+-----------------------+-------------+
|      520 |          0.25  |    33735 |                 0 |                         0 |          0.050519    | (23157, 25768, False) |    0.898673 |
+----------+----------------+----------+-------------------+---------------------------+----------------------+-----------------------+-------------+
|      520 |          0.5   |    67470 |                 0 |                         0 |          0.102151    | (24231, 25957, False) |    0.933505 |
+----------+----------------+----------+-------------------+---------------------------+----------------------+-----------------------+-------------+
|      520 |          0.75  |   101205 |                 0 |                         0 |          0.157936    | (24841, 25982, False) |    0.956085 |
+----------+----------------+----------+-------------------+---------------------------+----------------------+-----------------------+-------------+
|      545 |          0.125 |    18530 |                 0 |                         0 |          0.0346161   | (22600, 26701, False) |    0.84641  |
+----------+----------------+----------+-------------------+---------------------------+----------------------+-----------------------+-------------+
|      545 |          0.25  |    37060 |                 0 |                         0 |          0.0540932   | (24604, 27006, False) |    0.911057 |
+----------+----------------+----------+-------------------+---------------------------+----------------------+-----------------------+-------------+
|      545 |          0.5   |    74120 |                 0 |                         0 |          0.113322    | (25578, 27143, False) |    0.942342 |
+----------+----------------+----------+-------------------+---------------------------+----------------------+-----------------------+-------------+
|      545 |          0.75  |   111180 |                 0 |                         0 |          0.192021    | (26041, 27185, False) |    0.957918 |
+----------+----------------+----------+-------------------+---------------------------+----------------------+-----------------------+-------------+
|      570 |          0.125 |    20270 |                 0 |                         0 |          0.0316349   | (24199, 27948, False) |    0.865858 |
+----------+----------------+----------+-------------------+---------------------------+----------------------+-----------------------+-------------+
|      570 |          0.25  |    40541 |                 0 |                         0 |          0.0614125   | (25697, 28304, False) |    0.907893 |
+----------+----------------+----------+-------------------+---------------------------+----------------------+-----------------------+-------------+
|      570 |          0.5   |    81082 |                 0 |                         0 |          0.124773    | (26794, 28453, False) |    0.941693 |
+----------+----------------+----------+-------------------+---------------------------+----------------------+-----------------------+-------------+
|      570 |          0.75  |   121623 |                 0 |                         0 |          0.193975    | (27315, 28493, False) |    0.958657 |
+----------+----------------+----------+-------------------+---------------------------+----------------------+-----------------------+-------------+
|      595 |          0.125 |    22089 |                 0 |                         0 |          0.0334819   | (25104, 29177, False) |    0.860404 |
+----------+----------------+----------+-------------------+---------------------------+----------------------+-----------------------+-------------+
|      595 |          0.25  |    44178 |                 0 |                         0 |          0.0807402   | (27064, 29513, False) |    0.91702  |
+----------+----------------+----------+-------------------+---------------------------+----------------------+-----------------------+-------------+
|      595 |          0.5   |    88357 |                 0 |                         0 |          0.136953    | (28020, 29664, False) |    0.944579 |
+----------+----------------+----------+-------------------+---------------------------+----------------------+-----------------------+-------------+
|      595 |          0.75  |   132536 |                 0 |                         0 |          0.284561    | (28558, 29699, False) |    0.961581 |
+----------+----------------+----------+-------------------+---------------------------+----------------------+-----------------------+-------------+
|      620 |          0.125 |    23986 |                 0 |                         0 |          0.0366479   | (26269, 30485, False) |    0.861702 |
+----------+----------------+----------+-------------------+---------------------------+----------------------+-----------------------+-------------+
|      620 |          0.25  |    47972 |                 0 |                         0 |          0.080787    | (28427, 30826, False) |    0.922176 |
+----------+----------------+----------+-------------------+---------------------------+----------------------+-----------------------+-------------+
|      620 |          0.5   |    95945 |                 0 |                         0 |          0.152307    | (29449, 30965, False) |    0.951041 |
+----------+----------------+----------+-------------------+---------------------------+----------------------+-----------------------+-------------+
|      620 |          0.75  |   143917 |                 0 |                         0 |          0.23342     | (29745, 30998, False) |    0.959578 |
+----------+----------------+----------+-------------------+---------------------------+----------------------+-----------------------+-------------+
|      645 |          0.125 |    25961 |                 0 |                         0 |          0.0361873   | (28066, 31716, False) |    0.884916 |
+----------+----------------+----------+-------------------+---------------------------+----------------------+-----------------------+-------------+
|      645 |          0.25  |    51922 |                 0 |                         0 |          0.0800841   | (29020, 32017, False) |    0.906393 |
+----------+----------------+----------+-------------------+---------------------------+----------------------+-----------------------+-------------+
|      645 |          0.5   |   103845 |                 0 |                         0 |          0.179125    | (30412, 32160, False) |    0.945647 |
+----------+----------------+----------+-------------------+---------------------------+----------------------+-----------------------+-------------+
|      645 |          0.75  |   155767 |                 0 |                         0 |          0.275086    | (31072, 32194, False) |    0.965149 |
+----------+----------------+----------+-------------------+---------------------------+----------------------+-----------------------+-------------+
|      670 |          0.125 |    28014 |                 0 |                         0 |          0.0490256   | (29016, 33009, False) |    0.879033 |
+----------+----------------+----------+-------------------+---------------------------+----------------------+-----------------------+-------------+
|      670 |          0.25  |    56028 |                 0 |                         0 |          0.0839105   | (30585, 33344, False) |    0.917256 |
+----------+----------------+----------+-------------------+---------------------------+----------------------+-----------------------+-------------+
|      670 |          0.5   |   112057 |                 0 |                         0 |          0.188772    | (31957, 33475, False) |    0.954653 |
+----------+----------------+----------+-------------------+---------------------------+----------------------+-----------------------+-------------+
|      670 |          0.75  |   168086 |                 0 |                         0 |          0.30807     | (32326, 33494, False) |    0.965128 |
+----------+----------------+----------+-------------------+---------------------------+----------------------+-----------------------+-------------+
|      695 |          0.125 |    30145 |                 0 |                         0 |          0.075523    | (30051, 34160, False) |    0.879713 |
+----------+----------------+----------+-------------------+---------------------------+----------------------+-----------------------+-------------+
|      695 |          0.25  |    60291 |                 0 |                         0 |          0.0919411   | (31566, 34543, False) |    0.913818 |
+----------+----------------+----------+-------------------+---------------------------+----------------------+-----------------------+-------------+
|      695 |          0.5   |   120582 |                 0 |                         0 |          0.197353    | (33020, 34673, False) |    0.952326 |
+----------+----------------+----------+-------------------+---------------------------+----------------------+-----------------------+-------------+
|      695 |          0.75  |   180873 |                 0 |                         0 |          0.308594    | (33452, 34697, False) |    0.964118 |
+----------+----------------+----------+-------------------+---------------------------+----------------------+-----------------------+-------------+
|      720 |          0.125 |    32355 |                 0 |                         0 |          0.0709801   | (30942, 35532, False) |    0.870821 |
+----------+----------------+----------+-------------------+---------------------------+----------------------+-----------------------+-------------+
|      720 |          0.25  |    64710 |                 0 |                         0 |          0.0917318   | (33073, 35826, False) |    0.923156 |
+----------+----------------+----------+-------------------+---------------------------+----------------------+-----------------------+-------------+
|      720 |          0.5   |   129420 |                 0 |                         0 |          0.212681    | (34413, 35979, False) |    0.956475 |
+----------+----------------+----------+-------------------+---------------------------+----------------------+-----------------------+-------------+
|      720 |          0.75  |   194130 |                 0 |                         0 |          0.338216    | (34626, 35998, False) |    0.961887 |
+----------+----------------+----------+-------------------+---------------------------+----------------------+-----------------------+-------------+
|      745 |          0.125 |    34642 |                 0 |                         0 |          0.0534739   | (32552, 36720, False) |    0.886492 |
+----------+----------------+----------+-------------------+---------------------------+----------------------+-----------------------+-------------+
|      745 |          0.25  |    69285 |                 0 |                         0 |          0.102615    | (34222, 37025, False) |    0.924294 |
+----------+----------------+----------+-------------------+---------------------------+----------------------+-----------------------+-------------+
|      745 |          0.5   |   138570 |                 0 |                         0 |          0.23635     | (35373, 37180, False) |    0.951399 |
+----------+----------------+----------+-------------------+---------------------------+----------------------+-----------------------+-------------+
|      745 |          0.75  |   207855 |                 0 |                         0 |          0.370365    | (35966, 37198, False) |    0.96688  |
+----------+----------------+----------+-------------------+---------------------------+----------------------+-----------------------+-------------+
|      770 |          0.125 |    37008 |                 0 |                         0 |          0.0558347   | (33151, 37978, False) |    0.8729   |
+----------+----------------+----------+-------------------+---------------------------+----------------------+-----------------------+-------------+
|      770 |          0.25  |    74016 |                 0 |                         0 |          0.11429     | (35335, 38344, False) |    0.921526 |
+----------+----------------+----------+-------------------+---------------------------+----------------------+-----------------------+-------------+
|      770 |          0.5   |   148032 |                 0 |                         0 |          0.246206    | (36559, 38478, False) |    0.950127 |
+----------+----------------+----------+-------------------+---------------------------+----------------------+-----------------------+-------------+
|      770 |          0.75  |   222048 |                 0 |                         0 |          0.400093    | (37241, 38499, False) |    0.967324 |
+----------+----------------+----------+-------------------+---------------------------+----------------------+-----------------------+-------------+
|      795 |          0.125 |    39451 |                 0 |                         0 |          0.0617219   | (34543, 39245, False) |    0.880189 |
+----------+----------------+----------+-------------------+---------------------------+----------------------+-----------------------+-------------+
|      795 |          0.25  |    78903 |                 0 |                         0 |          0.132624    | (36643, 39567, False) |    0.9261   |
+----------+----------------+----------+-------------------+---------------------------+----------------------+-----------------------+-------------+
|      795 |          0.5   |   157807 |                 0 |                         0 |          0.276004    | (37953, 39678, False) |    0.956525 |
+----------+----------------+----------+-------------------+---------------------------+----------------------+-----------------------+-------------+
|      795 |          0.75  |   236711 |                 0 |                         0 |          0.511044    | (38460, 39700, False) |    0.968766 |
+----------+----------------+----------+-------------------+---------------------------+----------------------+-----------------------+-------------+
|      820 |          0.125 |    41973 |                 0 |                         0 |          0.0571216   | (36193, 40550, False) |    0.892552 |
+----------+----------------+----------+-------------------+---------------------------+----------------------+-----------------------+-------------+
|      820 |          0.25  |    83947 |                 0 |                         0 |          0.133132    | (38009, 40869, False) |    0.93002  |
+----------+----------------+----------+-------------------+---------------------------+----------------------+-----------------------+-------------+
|      820 |          0.5   |   167895 |                 0 |                         0 |          0.353576    | (39130, 40983, False) |    0.954786 |
+----------+----------------+----------+-------------------+---------------------------+----------------------+-----------------------+-------------+
|      820 |          0.75  |   251842 |                 0 |                         0 |          0.462417    | (39697, 40998, False) |    0.968267 |
+----------+----------------+----------+-------------------+---------------------------+----------------------+-----------------------+-------------+
|      845 |          0.125 |    44573 |                 0 |                         0 |          0.066786    | (37350, 41742, False) |    0.894782 |
+----------+----------------+----------+-------------------+---------------------------+----------------------+-----------------------+-------------+
|      845 |          0.25  |    89147 |                 0 |                         0 |          0.132386    | (39174, 42065, False) |    0.931273 |
+----------+----------------+----------+-------------------+---------------------------+----------------------+-----------------------+-------------+
|      845 |          0.5   |   178295 |                 0 |                         0 |          0.312039    | (40631, 42193, False) |    0.96298  |
+----------+----------------+----------+-------------------+---------------------------+----------------------+-----------------------+-------------+
|      845 |          0.75  |   267442 |                 0 |                         0 |          0.504972    | (41108, 42200, False) |    0.974123 |
+----------+----------------+----------+-------------------+---------------------------+----------------------+-----------------------+-------------+
|      870 |          0.125 |    47251 |                 0 |                         0 |          0.0734061   | (38360, 43050, False) |    0.891057 |
+----------+----------------+----------+-------------------+---------------------------+----------------------+-----------------------+-------------+
|      870 |          0.25  |    94503 |                 0 |                         0 |          0.140823    | (40493, 43361, False) |    0.933858 |
+----------+----------------+----------+-------------------+---------------------------+----------------------+-----------------------+-------------+
|      870 |          0.5   |   189007 |                 0 |                         0 |          0.342018    | (41804, 43483, False) |    0.961387 |
+----------+----------------+----------+-------------------+---------------------------+----------------------+-----------------------+-------------+
|      870 |          0.75  |   283511 |                 0 |                         0 |          0.527331    | (42276, 43500, False) |    0.971862 |
+----------+----------------+----------+-------------------+---------------------------+----------------------+-----------------------+-------------+
|      895 |          0.125 |    50008 |                 0 |                         0 |          0.0775894   | (39422, 44223, False) |    0.891437 |
+----------+----------------+----------+-------------------+---------------------------+----------------------+-----------------------+-------------+
|      895 |          0.25  |   100016 |                 0 |                         0 |          0.158011    | (41528, 44563, False) |    0.931894 |
+----------+----------------+----------+-------------------+---------------------------+----------------------+-----------------------+-------------+
|      895 |          0.5   |   200032 |                 0 |                         0 |          0.358366    | (43113, 44691, False) |    0.964691 |
+----------+----------------+----------+-------------------+---------------------------+----------------------+-----------------------+-------------+
|      895 |          0.75  |   300048 |                 0 |                         0 |          0.57191     | (43313, 44700, False) |    0.968971 |
+----------+----------------+----------+-------------------+---------------------------+----------------------+-----------------------+-------------+
|      920 |          0.125 |    52842 |                 0 |                         0 |          0.0822127   | (40700, 45547, False) |    0.893582 |
+----------+----------------+----------+-------------------+---------------------------+----------------------+-----------------------+-------------+
|      920 |          0.25  |   105685 |                 0 |                         0 |          0.169107    | (42833, 45876, False) |    0.933669 |
+----------+----------------+----------+-------------------+---------------------------+----------------------+-----------------------+-------------+
|      920 |          0.5   |   211370 |                 0 |                         0 |          0.398243    | (44166, 45993, False) |    0.960277 |
+----------+----------------+----------+-------------------+---------------------------+----------------------+-----------------------+-------------+
|      920 |          0.75  |   317055 |                 0 |                         0 |          0.601078    | (44778, 46000, False) |    0.973435 |
+----------+----------------+----------+-------------------+---------------------------+----------------------+-----------------------+-------------+
|      945 |          0.125 |    55755 |                 0 |                         0 |          0.0841243   | (42342, 46826, False) |    0.904241 |
+----------+----------------+----------+-------------------+---------------------------+----------------------+-----------------------+-------------+
|      945 |          0.25  |   111510 |                 0 |                         0 |          0.178946    | (44081, 47084, False) |    0.93622  |
+----------+----------------+----------+-------------------+---------------------------+----------------------+-----------------------+-------------+
|      945 |          0.5   |   223020 |                 0 |                         0 |          0.416945    | (45320, 47194, False) |    0.960292 |
+----------+----------------+----------+-------------------+---------------------------+----------------------+-----------------------+-------------+
|      945 |          0.75  |   334530 |                 0 |                         0 |          0.643113    | (45913, 47200, False) |    0.972733 |
+----------+----------------+----------+-------------------+---------------------------+----------------------+-----------------------+-------------+
|      970 |          0.125 |    58745 |                 0 |                         0 |          0.129563    | (43191, 48103, False) |    0.897886 |
+----------+----------------+----------+-------------------+---------------------------+----------------------+-----------------------+-------------+
|      970 |          0.25  |   117491 |                 0 |                         0 |          0.228757    | (45273, 48363, False) |    0.936108 |
+----------+----------------+----------+-------------------+---------------------------+----------------------+-----------------------+-------------+
|      970 |          0.5   |   234982 |                 0 |                         0 |          0.439281    | (46622, 48482, False) |    0.961635 |
+----------+----------------+----------+-------------------+---------------------------+----------------------+-----------------------+-------------+
|      970 |          0.75  |   352473 |                 0 |                         0 |          0.681313    | (47215, 48499, False) |    0.973525 |
+----------+----------------+----------+-------------------+---------------------------+----------------------+-----------------------+-------------+
|      995 |          0.125 |    61814 |                 0 |                         0 |          0.100263    | (44516, 49322, False) |    0.902559 |
+----------+----------------+----------+-------------------+---------------------------+----------------------+-----------------------+-------------+
|      995 |          0.25  |   123628 |                 0 |                         0 |          0.199095    | (46342, 49598, False) |    0.934352 |
+----------+----------------+----------+-------------------+---------------------------+----------------------+-----------------------+-------------+
|      995 |          0.5   |   247257 |                 0 |                         0 |          0.468015    | (47865, 49694, False) |    0.963195 |
+----------+----------------+----------+-------------------+---------------------------+----------------------+-----------------------+-------------+
|      995 |          0.75  |   370886 |                 0 |                         0 |          0.861361    | (48442, 49700, False) |    0.974688 |
+----------+----------------+----------+-------------------+---------------------------+----------------------+-----------------------+-------------+
Correct results: 0 of 160
Mean Precision: 0.8931767669263095